0.0
0.0
9.345794392523365e-07
1.869158878504673e-06
9.345794392523365e-07
9.345794392523365e-07
0.0
0.0
0.0
0.0
0.0
9.345794392523365e-07
9.345794392523365e-07
0.0
9.345794392523365e-07
0.0
0.0
0.0
0.0
0.0
0.0
0.0
9.345794392523365e-07
0.0
9.345794392523365e-07
0.008541121495327103
0.00854018691588785
0.00854018691588785
0.00854018691588785
9.345794392523365e-07
9.345794392523365e-07
9.345794392523365e-07
9.345794392523365e-07
3.2710280373831774e-05
3.177570093457944e-05
9.345794392523365e-07
0.0
9.345794392523365e-07
0.00854018691588785
0.008539252336448599
0.008539252336448599
9.345794392523365e-07
0.008541121495327103
0.00854018691588785
0.0
0.00854018691588785
0.29890654205607475
0.29036635514018694
0.29036635514018694
0.00854018691588785
9.345794392523365e-07
9.345794392523365e-07
9.345794392523365e-07
9.345794392523365e-07
0.0
0.0
0.0
0.0
0.0
0.0
0.0
0.0
0.0
0.0
9.345794392523365e-07
0.0
0.0
0.0
0.0
0.0
0.0
0.0
0.0
0.0
9.345794392523365e-07
4.6728971962616825e-06
3.738317757009346e-06
3.738317757009346e-06
9.345794392523365e-07
5.607476635514019e-06
4.6728971962616825e-06
0.0001635514018691589
0.0001588785046728972
0.0001588785046728972
4.6728971962616825e-06
4.6728971962616825e-06
9.345794392523365e-07
0.008541121495327103
0.00854018691588785
0.00854018691588785
9.345794392523365e-07
4.6728971962616825e-06
3.738317757009346e-06
3.738317757009346e-06
9.345794392523365e-07
9.345794392523365e-07
0.0
0.0
9.345794392523365e-07
9.345794392523365e-07
0.0
0.0
9.345794392523365e-07
1.869158878504673e-06
9.345794392523365e-07
5.607476635514019e-06
4.6728971962616825e-06
4.6728971962616825e-06
9.345794392523365e-07
9.345794392523365e-07
9.345794392523365e-07
9.345794392523365e-07
1.869158878504673e-06
1.869158878504673e-06
2.8037383177570094e-06
1.869158878504673e-06
4.953271028037383e-05
4.766355140186916e-05
4.766355140186916e-05
9.345794392523365e-07
9.345794392523365e-07
9.345794392523365e-07
9.345794392523365e-07
0.0
0.0
0.0
0.0
0.0
0.0
0.0
0.0
0.0
0.0
0.0
0.0
0.0
0.0
0.0
0.0
0.0
0.0
0.0
0.0
