12 43 1
43 49 1
43 76 1
49 51 1
51 75 1
75 43 1
76 84 1
84 166 1
166 176 1
176 177 1
177 182 3312
177 191 1
182 186 3312
186 190 3312
190 177 3312
191 194 1
194 199 1
199 203 1
203 204 1
204 207 34
204 211 1
207 204 34
211 213 1
213 239 1
239 243 3311
239 262 1
243 258 3311
258 239 3311
262 266 1
266 271 3312
266 299 1
271 276 3312
276 278 3312
278 282 112608
278 298 3312
282 294 112608
294 278 112608
298 266 3312
299 302 1
302 317 1
317 321 1
317 333 1
321 395 1
329 317 1
333 341 1
341 345 5
345 350 5
350 354 170
350 371 5
354 367 170
367 350 170
371 374 5
374 341 4
395 490 1
439 329 1
490 537 1
537 541 4
537 560 1
541 556 4
556 537 4
560 562 1
562 566 5
562 603 1
566 568 5
568 572 170
568 595 5
572 591 170
591 568 170
595 599 5
599 562 5
603 605 1
605 609 3312
605 619 1
609 615 3312
615 605 3312
619 641 1
641 645 4
641 664 1
645 660 4
660 641 4
664 681 1
681 704 1
704 722 1
722 745 1
745 747 1
747 751 1
747 780 1
751 753 1
753 757 5
753 775 1
757 771 5
771 753 5
775 776 1
776 747 1
780 781 1
781 784 1
784 788 5
784 877 1
788 790 5
790 794 5
790 872 5
794 821 5
821 825 170
821 867 5
825 863 170
863 821 170
867 868 5
868 790 5
872 873 5
873 784 5
877 879 1
879 883 5
879 946 1
883 885 5
885 889 170
885 936 5
889 922 170
922 932 170
932 885 170
936 942 5
942 879 5
946 947 1
947 956 1
956 958 1
958 439 1
