2.439024390243902e-07
2.439024390243902e-07
0.0
2.439024390243902e-07
6.219512195121952e-05
6.195121951219513e-05
6.195121951219513e-05
2.439024390243902e-07
6.219512195121952e-05
6.195121951219513e-05
0.05903951219512195
0.05897756097560976
0.05897756097560976
6.195121951219513e-05
6.195121951219513e-05
2.439024390243902e-07
0.0002324390243902439
0.0002321951219512195
0.0002321951219512195
2.439024390243902e-07
6.219512195121952e-05
6.195121951219513e-05
0.05903951219512195
0.05897756097560976
0.05897756097560976
6.195121951219513e-05
6.195121951219513e-05
2.439024390243902e-07
0.0
2.439024390243902e-07
2.439024390243902e-07
6.170731707317074e-05
6.170731707317074e-05
0.05866975609756098
0.05860829268292683
0.05854658536585366
0.05854658536585366
0.0
0.05854658536585366
0.05860829268292683
0.05854682926829268
0.05854682926829268
0.0
0.05854682926829268
0.05860829268292683
0.05860829268292683
6.146341463414634e-05
6.146341463414634e-05
0.0
0.0
0.0
0.0
0.0
0.0
0.0
0.0
0.0
0.0
0.0
0.0
0.0
0.0
0.0
0.0
0.0
