9.9601593625498e-09
9.9601593625498e-09
0.0
9.9601593625498e-09
1.600597609561753e-05
1.599601593625498e-05
1.599601593625498e-05
9.9601593625498e-09
1.600597609561753e-05
1.599601593625498e-05
0.05888133466135458
0.058865338645418326
0.058865338645418326
1.599601593625498e-05
1.599601593625498e-05
9.9601593625498e-09
3.666334661354582e-05
3.6653386454183266e-05
3.6653386454183266e-05
9.9601593625498e-09
1.600597609561753e-05
1.599601593625498e-05
0.05888133466135458
0.058865338645418326
0.058865338645418326
1.599601593625498e-05
1.599601593625498e-05
9.9601593625498e-09
0.0
9.9601593625498e-09
9.9601593625498e-09
1.597609561752988e-05
1.597609561752988e-05
0.05878923306772908
0.05877326693227092
0.05875729083665339
0.05875729083665339
0.0
0.05875729083665339
0.05877326693227092
0.058757300796812746
0.058757300796812746
0.0
0.05875729083665339
0.058773256972111554
0.058773256972111554
1.596613545816733e-05
1.596613545816733e-05
0.0
0.0
0.0
0.0
0.0
0.0
0.0
0.0
0.0
0.0
0.0
0.0
0.0
0.0
0.0
0.0
0.0
