1 14 1
14 21 5
14 115 1
21 23 1
21 41 1
21 57 1
21 70 1
21 87 1
23 33 1
33 411 1
40 114 1
41 56 1
56 114 1
57 69 1
69 114 1
70 80 1
80 114 1
87 114 1
114 14 5
115 136 1
136 155 1
155 160 1
160 164 1
164 171 1
171 191 1
191 224 1
224 286 1
286 292 1
292 298 1
298 304 1
304 310 1
310 311 1
311 312 1
312 313 1
313 314 1
314 458 1
349 507 1
353 361 1
361 639 1
372 376 1
376 563 1
382 507 1
411 421 1
421 431 1
431 447 1
447 451 1
451 456 1
456 40 1
458 465 1
465 469 64
465 506 1
469 477 64
477 481 4096
477 501 64
481 497 4096
497 477 4096
501 502 64
502 465 64
506 349 1
507 516 2
516 520 127
516 561 1
520 528 127
528 532 8127
528 556 126
532 552 8127
552 528 8126
556 557 126
557 516 126
561 353 1
563 572 1
572 576 64
572 636 1
576 584 64
584 588 4096
584 631 64
588 613 4095
588 615 1
613 615 4095
615 624 512
615 626 3584
624 626 512
626 627 4096
627 584 4096
631 632 64
632 572 64
636 382 1
639 649 1
649 656 7
656 666 7
666 670 65
666 715 6
670 677 1
670 678 64
677 720 1
678 711 64
711 666 64
715 716 6
716 649 6
720 721 1
721 732 1
732 736 64
732 794 1
736 744 64
744 748 4096
744 789 64
748 785 4096
785 744 4096
789 790 64
790 732 64
794 795 1
795 828 1
828 830 1
830 836 126
830 849 1
836 845 126
845 830 126
849 900 1
885 1021 1
899 372 1
900 919 1
919 925 126
919 937 1
925 933 126
933 919 126
937 940 1
940 944 64
940 1019 1
944 952 64
952 956 4096
952 1014 64
956 1010 4096
1010 952 4096
1014 1015 64
1015 940 64
1019 1021 1
1021 1068 2
1068 1069 2
1069 1298 2
1083 1091 2
1091 1094 2
1094 1098 128
1094 1130 2
1098 1697 128
1126 1094 128
1130 1136 2
1136 1137 2
1137 1298 2
1151 1159 2
1159 1162 2
1162 1166 128
1162 1199 2
1166 1697 128
1182 1981 64
1194 1195 128
1195 1162 128
1199 1205 2
1205 1206 2
1206 1298 2
1220 1228 2
1228 1234 2
1234 1237 2
1237 1241 128
1237 1264 2
1241 2019 128
1260 1237 128
1264 1265 2
1265 885 1
1265 899 1
1266 1278 16384
1278 1282 98304
1278 1296 16384
1282 1292 98304
1292 1278 98304
1296 2084 7168
1296 2133 9216
1298 1342 6
1342 1346 6
1346 1364 6
1364 1477 6
1477 1479 6
1479 1592 6
1592 1598 6
1598 1602 6
1598 1696 6
1602 1606 6
1606 1610 6
1606 1687 6
1610 1612 6
1612 1616 384
1612 1678 6
1616 1622 384
1622 1626 24576
1622 1673 384
1626 1669 24576
1669 1622 24576
1673 1674 384
1674 1612 384
1678 1683 6
1683 1606 6
1687 1692 6
1692 1598 6
1696 1083 2
1696 1151 2
1696 1220 2
1697 2060 256
1728 1732 1536
1728 1885 256
1732 1752 1536
1752 1756 16128
1752 1880 1536
1756 1774 16128
1774 1778 49152
1774 1875 16128
1778 1871 49152
1871 1774 49152
1875 1876 16128
1876 1752 16128
1880 1881 1536
1881 1728 1536
1885 1182 64
1885 1194 64
1885 1886 128
1886 1905 128
1905 1909 8192
1905 1980 128
1909 1976 8192
1976 1905 8192
1980 1126 128
1981 1990 64
1990 1994 4096
1990 2018 64
1994 2014 4096
2014 1990 4096
2018 1194 64
2019 2028 128
2028 2032 8192
2028 2059 128
2032 2055 8192
2055 2028 8192
2059 1260 128
2060 2072 256
2072 2076 16384
2072 2138 256
2076 1266 16384
2084 2133 7168
2133 2134 16384
2134 2072 16384
2138 1728 256
