1.132502831257078e-06
6.795016987542469e-06
5.6625141562853905e-06
1.132502831257078e-06
0.0
1.132502831257078e-06
0.0
1.132502831257078e-06
1.132502831257078e-06
0.0
1.132502831257078e-06
1.132502831257078e-06
0.0
1.132502831257078e-06
1.132502831257078e-06
0.0
1.132502831257078e-06
0.0
1.132502831257078e-06
0.0
0.0
5.6625141562853905e-06
1.132502831257078e-06
0.0
1.132502831257078e-06
0.0
1.132502831257078e-06
0.0
1.132502831257078e-06
1.132502831257078e-06
1.132502831257078e-06
0.0
1.132502831257078e-06
0.0
0.0
0.0
1.132502831257078e-06
0.0
1.132502831257078e-06
0.0
1.132502831257078e-06
0.0
1.132502831257078e-06
0.0
1.132502831257078e-06
0.0
1.132502831257078e-06
1.132502831257078e-06
1.132502831257078e-06
1.132502831257078e-06
1.132502831257078e-06
1.132502831257078e-06
1.132502831257078e-06
0.0
1.132502831257078e-06
1.132502831257078e-06
0.0
1.132502831257078e-06
1.132502831257078e-06
0.0
0.0
0.0
0.0
0.0
1.132502831257078e-06
1.132502831257078e-06
0.0
0.0
1.132502831257078e-06
0.0
0.0
0.0
0.0
1.132502831257078e-06
1.132502831257078e-06
0.0
1.132502831257078e-06
1.132502831257078e-06
7.361268403171008e-05
7.2480181200453e-05
0.004711211778029445
0.004638731596828992
0.004638731596828992
7.2480181200453e-05
7.2480181200453e-05
1.132502831257078e-06
2.265005662514156e-06
0.000144960362400906
0.00014382785956964893
0.009346545866364665
0.009203850509626275
0.009202718006795016
0.00014269535673839184
0.00014269535673839184
1.132502831257078e-06
1.132502831257078e-06
7.361268403171008e-05
7.2480181200453e-05
0.004711211778029445
0.004638731596828992
0.004637599093997735
0.004638731596828992
0.000579841449603624
0.004638731596828992
0.004638731596828992
7.2480181200453e-05
7.2480181200453e-05
1.132502831257078e-06
1.132502831257078e-06
7.927519818799547e-06
7.927519818799547e-06
8.040770101925255e-05
7.361268403171008e-05
1.132502831257078e-06
7.2480181200453e-05
7.2480181200453e-05
6.795016987542469e-06
6.795016987542469e-06
1.132502831257078e-06
1.132502831257078e-06
7.361268403171008e-05
7.2480181200453e-05
0.004711211778029445
0.004638731596828992
0.004638731596828992
7.2480181200453e-05
7.2480181200453e-05
1.132502831257078e-06
1.132502831257078e-06
0.0
1.132502831257078e-06
0.00014382785956964893
0.00014269535673839184
0.00014269535673839184
1.132502831257078e-06
1.132502831257078e-06
1.132502831257078e-06
1.132502831257078e-06
0.00014382785956964893
0.00014269535673839184
0.00014269535673839184
1.132502831257078e-06
7.361268403171008e-05
7.2480181200453e-05
0.004711211778029445
0.004638731596828992
0.004638731596828992
7.2480181200453e-05
7.2480181200453e-05
1.132502831257078e-06
2.265005662514156e-06
0.0
2.265005662514156e-06
2.265005662514156e-06
0.0
2.265005662514156e-06
2.265005662514156e-06
0.00014722536806342017
0.000144960362400906
0.000144960362400906
2.265005662514156e-06
0.0
2.265005662514156e-06
2.265005662514156e-06
0.0
2.265005662514156e-06
2.265005662514156e-06
0.00014722536806342017
0.000144960362400906
7.2480181200453e-05
0.000144960362400906
0.000144960362400906
2.265005662514156e-06
0.0
2.265005662514156e-06
2.265005662514156e-06
0.0
2.265005662514156e-06
2.265005662514156e-06
0.0
2.265005662514156e-06
0.00014722536806342017
0.000144960362400906
0.000144960362400906
2.265005662514156e-06
2.265005662514156e-06
0.018554926387315967
0.12988448471121178
0.11132955832389581
0.11132955832389581
0.018554926387315967
6.795016987542469e-06
6.795016987542469e-06
6.795016987542469e-06
6.795016987542469e-06
0.0
0.0
0.0
0.0
0.0
0.0
0.0
0.0
0.0
0.0
0.0
0.0
0.0
0.0
0.0
0.0
0.0
0.0
6.795016987542469e-06
6.795016987542469e-06
0.0
0.0
0.0
0.0
0.0
0.0
0.0
0.0
0.0
0.0
0.0
0.0
0.0
0.0
0.0
0.0
0.0
0.0
6.795016987542469e-06
1.3590033975084938e-05
6.795016987542469e-06
1.3590033975084938e-05
6.795016987542469e-06
0.0004416761041902605
0.000434881087202718
0.02826727066817667
0.027832389580973952
0.027832389580973952
0.000434881087202718
0.000434881087202718
6.795016987542469e-06
6.795016987542469e-06
6.795016987542469e-06
6.795016987542469e-06
6.795016987542469e-06
0.000289920724801812
0.002029445073612684
0.001739524348810872
0.020004530011325027
0.018265005662514155
0.07392978482446207
0.055664779161947904
0.055664779161947904
0.018265005662514155
0.018265005662514155
0.001739524348810872
0.001739524348810872
0.000289920724801812
0.000144960362400906
0.00942242355605889
0.009277463193657983
0.009277463193657983
0.000144960362400906
7.2480181200453e-05
0.004711211778029445
0.004638731596828992
0.004638731596828992
7.2480181200453e-05
0.000144960362400906
0.00942242355605889
0.009277463193657983
0.009277463193657983
0.000144960362400906
0.000289920724801812
0.01884484711211778
0.018554926387315967
0.008117780294450736
0.018554926387315967
0.018554926387315967
0.000289920724801812
