9.09090909090909e-05
0.0005454545454545455
0.00045454545454545455
9.09090909090909e-05
0.0
9.09090909090909e-05
0.0
9.09090909090909e-05
9.09090909090909e-05
0.0
9.09090909090909e-05
9.09090909090909e-05
0.0
9.09090909090909e-05
9.09090909090909e-05
0.0
9.09090909090909e-05
0.0
9.09090909090909e-05
0.0
0.0
0.00045454545454545455
9.09090909090909e-05
0.0
9.09090909090909e-05
0.0
9.09090909090909e-05
9.09090909090909e-05
0.0
9.09090909090909e-05
0.0
0.0
0.0
9.09090909090909e-05
0.0
9.09090909090909e-05
9.09090909090909e-05
0.0
9.09090909090909e-05
0.0
9.09090909090909e-05
0.0
9.09090909090909e-05
0.0
9.09090909090909e-05
0.0
9.09090909090909e-05
9.09090909090909e-05
9.09090909090909e-05
9.09090909090909e-05
9.09090909090909e-05
9.09090909090909e-05
9.09090909090909e-05
0.0
9.09090909090909e-05
0.0
0.0
0.0
0.0
0.0
0.0
0.0
0.0
0.0
9.09090909090909e-05
9.09090909090909e-05
0.0
0.0
9.09090909090909e-05
0.0
0.0
0.0
0.0
9.09090909090909e-05
9.09090909090909e-05
0.0
9.09090909090909e-05
9.09090909090909e-05
0.0008181818181818182
0.0007272727272727272
0.006545454545454545
0.005818181818181818
0.005818181818181818
0.0007272727272727272
0.0007272727272727272
9.09090909090909e-05
9.09090909090909e-05
0.0008181818181818182
0.0007272727272727272
0.006545454545454545
0.005818181818181818
0.005818181818181818
0.0007272727272727272
0.0007272727272727272
9.09090909090909e-05
0.0
0.0
0.0
0.0
0.0
0.0
0.0
0.0
0.0
0.0
0.0
0.0
0.0
9.09090909090909e-05
0.0003636363636363636
0.0003636363636363636
0.001090909090909091
0.0008181818181818182
9.09090909090909e-05
0.0007272727272727272
0.0007272727272727272
0.00027272727272727274
0.00027272727272727274
9.09090909090909e-05
9.09090909090909e-05
0.0008181818181818182
0.0007272727272727272
0.006545454545454545
0.005818181818181818
0.005818181818181818
0.0007272727272727272
0.0007272727272727272
9.09090909090909e-05
9.09090909090909e-05
0.0
9.09090909090909e-05
0.0013636363636363637
0.0012727272727272728
0.0012727272727272728
9.09090909090909e-05
9.09090909090909e-05
0.0
9.09090909090909e-05
0.0013636363636363637
0.0012727272727272728
0.0012727272727272728
9.09090909090909e-05
0.0008181818181818182
0.0007272727272727272
0.006545454545454545
0.005818181818181818
0.005818181818181818
0.0007272727272727272
0.0007272727272727272
9.09090909090909e-05
0.0001818181818181818
0.0
0.0001818181818181818
0.0001818181818181818
0.0
0.0001818181818181818
0.0001818181818181818
0.0016363636363636363
0.0014545454545454545
0.0014545454545454545
0.0001818181818181818
0.0
0.0001818181818181818
0.0001818181818181818
0.0
0.0001818181818181818
0.0001818181818181818
0.0016363636363636363
0.0014545454545454545
0.0007272727272727272
0.0014545454545454545
0.0014545454545454545
0.0001818181818181818
0.0
0.0001818181818181818
0.0001818181818181818
0.0
0.0001818181818181818
0.0001818181818181818
0.0
0.0001818181818181818
0.0014545454545454545
0.0013636363636363637
0.0012727272727272728
9.09090909090909e-05
9.09090909090909e-05
0.02327272727272727
0.09309090909090909
0.06981818181818182
0.06981818181818182
0.02327272727272727
0.0005454545454545455
0.0005454545454545455
0.0005454545454545455
0.0005454545454545455
0.0
0.0
0.0
0.0
0.0
0.0
0.0
0.0
0.0
0.0
0.0
0.0
0.0
0.0
0.0
0.0
0.0
0.0
0.0005454545454545455
0.0005454545454545455
0.0
0.0
0.0
0.0
0.0
0.0
0.0
0.0
0.0
0.0
0.0
0.0
0.0
0.0
0.0
0.0
0.0
0.0
0.0005454545454545455
0.001090909090909091
0.0005454545454545455
0.001090909090909091
0.0005454545454545455
0.004909090909090909
0.004363636363636364
0.03927272727272727
0.03490909090909091
0.03490909090909091
0.004363636363636364
0.004363636363636364
0.0005454545454545455
0.0005454545454545455
0.0005454545454545455
0.0005454545454545455
0.0005454545454545455
0.002909090909090909
0.011636363636363636
0.008727272727272728
0.02909090909090909
0.020363636363636365
0.05527272727272727
0.03490909090909091
0.03490909090909091
0.020363636363636365
0.020363636363636365
0.008727272727272728
0.008727272727272728
0.002909090909090909
0.0014545454545454545
0.01309090909090909
0.011636363636363636
0.011636363636363636
0.0014545454545454545
0.0007272727272727272
0.006545454545454545
0.005818181818181818
0.005818181818181818
0.0007272727272727272
0.0013636363636363637
0.012181818181818183
0.010818181818181819
0.010818181818181819
0.0012727272727272728
0.002909090909090909
0.02618181818181818
0.02327272727272727
0.005818181818181818
0.02327272727272727
0.02327272727272727
0.002909090909090909
