0.0003333333333333333
0.002
0.0016666666666666668
0.0003333333333333333
0.0
0.0003333333333333333
0.0
0.0003333333333333333
0.0003333333333333333
0.0
0.0003333333333333333
0.0003333333333333333
0.0
0.0003333333333333333
0.0003333333333333333
0.0
0.0003333333333333333
0.0
0.0003333333333333333
0.0
0.0
0.0016666666666666668
0.0003333333333333333
0.0
0.0003333333333333333
0.0
0.0003333333333333333
0.0
0.0003333333333333333
0.0003333333333333333
0.0
0.0
0.0
0.0003333333333333333
0.0
0.0003333333333333333
0.0003333333333333333
0.0
0.0003333333333333333
0.0
0.0003333333333333333
0.0
0.0003333333333333333
0.0
0.0003333333333333333
0.0
0.0003333333333333333
0.0003333333333333333
0.0003333333333333333
0.0003333333333333333
0.0003333333333333333
0.0003333333333333333
0.0003333333333333333
0.0
0.0003333333333333333
0.0003333333333333333
0.0
0.0003333333333333333
0.0
0.0
0.0
0.0
0.0
0.0
0.0003333333333333333
0.0003333333333333333
0.0
0.0
0.0003333333333333333
0.0
0.0
0.0
0.0
0.0003333333333333333
0.0003333333333333333
0.0
0.0003333333333333333
0.0003333333333333333
0.0016666666666666668
0.0013333333333333333
0.006666666666666667
0.005333333333333333
0.005333333333333333
0.0013333333333333333
0.0013333333333333333
0.0003333333333333333
0.0003333333333333333
0.0016666666666666668
0.0013333333333333333
0.006666666666666667
0.005333333333333333
0.005333333333333333
0.0013333333333333333
0.0013333333333333333
0.0003333333333333333
0.0003333333333333333
0.0013333333333333333
0.0013333333333333333
0.005666666666666667
0.004666666666666667
0.004666666666666667
0.004333333333333333
0.0003333333333333333
0.004333333333333333
0.004333333333333333
0.001
0.001
0.0
0.0003333333333333333
0.001
0.001
0.0023333333333333335
0.0016666666666666668
0.0003333333333333333
0.0013333333333333333
0.0013333333333333333
0.0006666666666666666
0.0006666666666666666
0.0003333333333333333
0.0003333333333333333
0.0016666666666666668
0.0013333333333333333
0.006666666666666667
0.005333333333333333
0.005333333333333333
0.0013333333333333333
0.0013333333333333333
0.0003333333333333333
0.0003333333333333333
0.0
0.0003333333333333333
0.0023333333333333335
0.002
0.002
0.0003333333333333333
0.0003333333333333333
0.0003333333333333333
0.0003333333333333333
0.0023333333333333335
0.002
0.002
0.0003333333333333333
0.0016666666666666668
0.0013333333333333333
0.006666666666666667
0.005333333333333333
0.005333333333333333
0.0013333333333333333
0.0013333333333333333
0.0003333333333333333
0.0006666666666666666
0.0
0.0006666666666666666
0.0006666666666666666
0.0
0.0006666666666666666
0.0006666666666666666
0.0033333333333333335
0.0026666666666666666
0.0026666666666666666
0.0006666666666666666
0.0
0.0006666666666666666
0.0006666666666666666
0.0
0.0006666666666666666
0.0006666666666666666
0.0033333333333333335
0.0026666666666666666
0.0013333333333333333
0.0026666666666666666
0.0026666666666666666
0.0006666666666666666
0.0
0.0006666666666666666
0.0006666666666666666
0.0
0.0006666666666666666
0.0006666666666666666
0.0
0.0006666666666666666
0.0033333333333333335
0.0026666666666666666
0.0026666666666666666
0.0006666666666666666
0.0006666666666666666
0.021333333333333333
0.064
0.042666666666666665
0.042666666666666665
0.021333333333333333
0.002
0.002
0.002
0.002
0.0
0.0
0.0
0.0
0.0
0.0
0.0
0.0
0.0
0.0
0.0
0.0
0.0
0.0
0.0
0.0
0.0
0.0
0.002
0.002
0.0
0.0
0.0
0.0
0.0
0.0
0.0
0.0
0.0
0.0
0.0
0.0
0.0
0.0
0.0
0.0
0.0
0.0
0.002
0.004
0.002
0.004
0.002
0.01
0.008
0.04
0.032
0.032
0.008
0.008
0.002
0.002
0.002
0.002
0.002
0.005333333333333333
0.016
0.010666666666666666
0.02666666666666667
0.016
0.037333333333333336
0.021333333333333333
0.021333333333333333
0.016
0.016
0.010666666666666666
0.010666666666666666
0.005333333333333333
0.0026666666666666666
0.013333333333333334
0.010666666666666666
0.010666666666666666
0.0026666666666666666
0.0013333333333333333
0.006666666666666667
0.005333333333333333
0.005333333333333333
0.0013333333333333333
0.0026666666666666666
0.013333333333333334
0.010666666666666666
0.010666666666666666
0.0026666666666666666
0.005333333333333333
0.02666666666666667
0.021333333333333333
0.005333333333333333
0.021333333333333333
0.021333333333333333
0.005333333333333333
