0.0
1.0416666666666666e-05
1.0416666666666666e-05
0.0
1.0416666666666666e-05
0.0
1.0416666666666666e-05
0.008927083333333334
0.008916666666666666
0.008916666666666666
1.0416666666666666e-05
0.05340625
0.05339583333333333
0.05339583333333333
1.0416666666666666e-05
1.0416666666666666e-05
1.0416666666666666e-05
0.008927083333333334
0.008916666666666666
0.008916666666666666
1.0416666666666666e-05
7.291666666666667e-05
0.062489583333333334
0.06241666666666667
0.008916666666666666
0.0623125
0.05339583333333333
0.01653125
0.05339583333333333
0.05339583333333333
0.008916666666666666
0.06241666666666667
0.06241666666666667
7.291666666666667e-05
0.062489583333333334
0.06241666666666667
0.00890625
0.06241666666666667
0.06241666666666667
7.291666666666667e-05
7.291666666666667e-05
1.0416666666666666e-05
0.006885416666666666
0.006875
0.006875
0.0
0.0
