0 202 51 23 21 103 108 123 136 187 253 141 203 204 55 186 100 100 57 79 46 236 165 142 149 230 172 42 230 92 246 28 39 41 51 
1 60 144 159 184 24 90 181 165 37 130 220 223 230 65 24 53 111 4 218 253 154 192 170 196 166 6 186 194 45 227 245 106 115 148 
2 34 139 238 215 48 19 89 13 242 63 78 11 116 189 15 78 187 169 15 101 110 181 107 40 120 153 12 109 3 127 2 37 11 240 
3 252 59 4 86 72 246 149 150 1 10 84 17 88 15 186 103 116 40 29 223 81 149 120 93 2 123 220 4 160 231 245 157 35 249 
4 243 107 239 136 2 241 146 86 2 235 101 188 82 217 229 111 184 54 4 49 147 7 172 111 11 77 87 0 234 122 249 221 229 233 
5 101 231 218 248 61 220 227 162 152 53 123 125 165 52 179 169 101 70 176 17 182 188 94 13 188 72 135 182 37 108 159 139 84 121 
6 131 145 85 102 52 237 155 175 107 64 227 30 234 72 101 154 90 27 86 184 40 19 1 175 201 38 27 104 177 111 225 52 1 54 
7 154 53 35 54 228 142 118 200 173 96 16 18 251 106 45 81 35 85 100 36 4 45 74 31 149 252 143 118 48 144 172 203 197 208 
8 1 169 94 119 113 11 216 130 29 211 236 74 36 15 159 137 51 163 182 126 195 76 122 82 194 170 226 111 117 167 63 118 80 157 
9 238 194 169 198 68 198 153 48 17 189 64 176 70 115 84 253 241 23 73 107 105 11 22 75 122 139 242 185 2 66 87 240 4 0 
10 182 72 198 79 121 215 12 185 136 83 44 220 80 30 243 153 137 92 164 159 167 31 43 153 216 45 219 47 29 224 47 211 40 246 
11 34 161 205 46 90 85 129 135 49 209 165 36 106 46 128 15 206 39 46 249 192 6 38 156 54 67 124 101 22 164 91 56 70 41 
12 102 160 126 232 39 176 185 204 212 36 251 85 51 201 124 97 194 61 103 232 217 157 43 85 3 65 249 94 121 63 135 223 224 6 
13 199 7 182 129 212 138 165 207 223 216 152 92 57 90 153 160 66 114 62 109 199 65 174 192 159 39 0 39 6 224 45 206 231 227 
14 79 187 109 244 138 77 204 34 169 5 124 66 165 190 180 227 43 123 36 217 59 196 0 59 235 7 27 24 213 3 251 36 190 104 
15 24 73 181 228 107 94 233 232 160 142 166 84 114 210 207 150 171 11 90 172 70 69 179 98 93 136 101 88 172 35 193 196 108 118 
16 168 216 213 145 192 117 31 102 202 145 56 153 40 228 164 130 144 235 200 67 77 37 203 178 126 119 213 63 59 66 181 227 26 138 
17 116 218 0 147 64 202 37 121 99 77 93 8 207 237 243 151 48 64 189 251 242 59 114 199 122 173 9 47 144 35 186 4 253 186 
18 151 62 132 188 183 231 9 20 239 217 1 226 112 49 34 45 44 20 104 158 220 226 75 229 18 219 9 204 223 6 134 118 68 10 
19 51 251 241 60 15 225 21 16 195 134 65 230 179 109 250 28 11 214 254 86 188 16 49 197 220 16 203 98 135 16 108 186 11 94 
20 246 27 63 12 43 2 146 109 232 69 218 227 97 230 185 96 60 117 112 110 58 77 126 6 175 5 22 28 191 33 122 182 60 185 
21 194 104 187 84 213 164 153 175 135 251 149 64 91 210 182 203 64 240 24 190 246 200 196 12 228 131 46 94 57 106 23 251 210 210 
22 79 167 118 233 87 253 228 236 62 63 190 244 10 254 228 35 189 219 235 129 231 207 4 21 45 62 128 68 57 82 22 137 250 141 
23 114 81 138 86 61 200 149 252 188 159 250 161 194 183 124 173 56 99 124 61 121 169 123 249 237 180 75 4 61 69 145 175 150 27 
24 5 212 228 154 208 160 58 202 65 252 130 189 170 186 33 38 247 154 208 114 147 189 39 222 193 100 36 82 20 186 110 25 142 82 
25 180 94 242 238 41 52 234 171 241 148 101 18 187 93 172 139 207 63 72 246 30 10 91 66 92 111 252 202 136 139 28 60 233 15 
26 42 18 67 21 189 52 169 35 71 100 128 243 239 79 51 56 70 81 66 161 147 158 16 143 105 152 26 133 213 4 148 255 22 215 
27 20 212 12 190 247 83 34 119 70 18 198 121 74 12 202 140 173 93 42 189 237 147 86 7 25 43 11 173 42 34 133 63 246 145 
28 253 237 228 31 100 42 49 42 164 123 55 110 7 228 204 50 162 185 197 248 192 222 35 204 140 77 238 17 140 228 162 137 209 134 
29 169 53 176 218 95 84 86 150 195 93 123 143 143 29 72 85 21 8 51 56 212 191 133 194 208 18 166 114 155 119 248 68 172 169 
30 31 12 253 117 162 192 210 29 79 98 58 151 183 79 160 234 135 116 170 13 55 122 31 221 237 186 85 229 255 1 142 30 13 140 
31 147 176 76 101 205 156 199 8 51 126 87 211 105 223 72 19 236 127 141 11 92 122 197 177 96 196 179 238 226 192 122 117 112 199 
32 219 62 99 162 70 150 33 157 106 138 124 178 157 104 49 42 115 141 165 57 63 5 253 242 243 224 178 110 85 35 53 48 97 152 
33 211 167 46 244 68 152 126 193 74 27 41 123 69 157 9 234 214 72 239 211 58 227 179 236 81 9 15 134 57 112 30 12 23 76 
34 0 92 229 126 29 47 153 70 171 223 227 180 201 185 252 185 141 54 156 64 34 237 73 50 115 131 162 145 143 186 221 144 22 194 
35 14 51 242 168 121 157 135 93 81 80 22 77 9 163 131 165 228 165 146 45 215 5 176 122 150 64 52 116 208 74 54 222 125 40 
36 134 246 197 13 83 22 94 106 99 103 13 230 13 241 140 159 31 99 165 207 221 59 15 17 175 223 91 230 190 216 14 68 207 212 
37 82 34 234 176 140 78 23 154 52 36 139 192 196 170 36 105 122 1 164 137 19 84 105 110 58 39 71 72 107 22 28 189 56 7 
38 109 197 85 133 95 137 169 234 74 109 149 110 214 15 111 123 152 130 207 1 241 9 40 56 81 148 78 110 81 134 117 191 75 202 
39 68 170 83 237 149 157 91 42 11 49 57 123 172 209 253 123 211 238 132 251 38 214 143 116 68 225 251 185 160 70 131 228 241 214 
40 209 134 116 44 176 127 94 233 250 10 186 248 134 141 230 10 137 13 224 24 129 36 249 124 221 153 195 96 125 180 55 79 58 171 
41 123 234 42 217 211 37 228 141 29 106 27 3 116 164 16 85 188 146 121 182 14 87 79 209 183 205 133 238 28 191 153 151 169 196 
42 113 124 233 85 10 6 191 37 9 51 201 26 136 133 172 2 59 186 89 139 140 16 88 17 255 116 209 152 11 122 92 124 247 69 
43 209 1 75 144 38 85 196 239 111 76 116 27 78 176 213 167 59 97 184 147 115 183 7 68 79 18 190 172 143 181 241 96 182 61 
44 241 220 146 181 203 1 1 64 28 80 240 241 247 43 83 175 190 198 102 197 10 182 215 200 98 102 126 83 199 52 144 184 17 34 
45 109 220 35 110 28 63 190 12 49 182 55 132 101 245 74 204 186 84 130 146 28 228 248 154 55 191 207 200 119 224 234 228 188 14 
46 83 217 77 17 229 126 199 29 2 45 18 76 249 205 160 123 95 189 95 87 87 150 23 38 94 142 6 73 115 195 87 198 156 164 
47 215 129 35 159 158 37 204 177 114 197 126 18 64 221 207 159 52 39 53 75 77 148 218 84 221 77 23 52 19 179 216 234 52 251 
48 137 211 33 85 132 147 26 2 165 90 223 117 249 19 156 47 95 233 195 57 61 160 134 84 212 153 7 172 131 60 168 13 15 201 
49 98 147 92 125 149 1 215 116 118 209 135 18 0 230 252 195 31 57 99 165 142 55 62 149 227 194 209 139 207 224 84 49 115 176 
50 174 8 178 134 124 40 87 4 59 87 234 55 26 10 112 125 175 254 180 238 148 151 176 101 35 127 70 119 176 185 40 95 194 218 
51 229 62 2 60 66 61 147 45 116 173 55 229 42 230 227 222 212 119 117 132 221 152 3 35 16 180 220 56 19 158 18 248 221 20 
52 52 31 82 199 76 198 116 131 171 158 106 143 124 62 6 241 195 227 138 198 6 154 122 227 210 141 129 228 133 94 248 185 126 74 
53 128 202 17 244 78 188 146 184 75 14 246 82 0 185 53 138 128 60 36 250 31 246 136 160 218 13 255 210 199 125 29 71 71 46 
54 60 149 234 206 77 54 221 68 136 221 253 189 103 125 249 139 120 24 129 0 185 91 13 184 45 212 53 74 28 124 120 88 18 99 
55 38 95 153 3 163 33 224 161 222 71 30 216 210 150 240 83 150 169 174 164 97 220 120 150 38 148 19 159 236 37 2 19 132 155 
56 22 40 188 247 201 154 62 231 114 17 126 99 100 20 12 19 184 110 239 49 4 21 197 23 180 178 60 182 197 193 81 219 233 13 
57 210 178 168 17 153 26 34 23 125 134 44 138 153 228 248 136 21 252 158 219 20 82 141 80 9 82 17 90 45 250 104 0 172 16 
58 17 70 42 51 93 168 185 137 50 83 110 42 219 131 38 121 94 58 204 235 139 213 61 156 47 107 151 151 107 67 167 124 137 210 
59 175 231 122 104 112 172 187 222 214 151 98 252 16 192 55 220 172 194 177 233 94 225 84 245 120 191 57 32 59 194 242 234 169 108 
60 83 26 24 14 248 238 165 90 234 182 27 33 146 199 227 68 176 66 37 5 55 157 196 112 189 0 51 175 234 220 27 61 246 51 
61 76 239 33 241 73 12 167 100 45 58 43 17 126 220 83 163 225 138 64 165 251 254 165 46 173 144 10 201 205 1 252 25 240 30 
62 11 57 42 178 158 87 236 201 104 106 165 187 13 134 70 78 44 65 76 209 111 249 97 121 194 47 122 191 72 106 221 83 164 7 
63 6 66 94 242 11 199 93 177 130 106 55 200 184 99 9 4 53 120 254 150 242 192 197 108 127 14 215 92 97 123 99 103 189 194 
64 90 200 137 183 121 11 33 177 212 218 20 221 222 73 86 220 224 72 157 165 180 28 179 139 121 21 6 220 124 195 158 214 140 39 
65 141 5 51 175 182 7 137 203 228 103 20 58 68 244 130 225 154 55 253 77 194 118 98 201 83 223 140 241 181 24 25 67 30 76 
66 242 212 83 123 159 55 226 180 114 38 168 244 7 66 43 5 144 238 123 242 183 206 209 67 192 135 92 217 202 122 37 188 78 120 
67 55 238 175 25 162 33 64 74 22 71 141 65 76 29 47 200 15 230 150 225 42 86 104 134 47 50 0 84 238 78 204 37 60 124 
68 62 222 157 126 41 179 198 182 245 18 211 36 218 226 11 113 195 53 199 43 187 247 93 187 75 75 9 24 112 70 148 175 36 49 
69 45 77 229 243 3 218 6 214 254 224 185 9 81 124 62 25 168 249 16 5 180 91 81 190 115 193 4 7 112 40 57 158 118 30 
70 145 121 248 151 80 246 120 9 0 201 133 62 226 45 56 242 51 236 78 132 170 193 69 174 201 182 215 2 84 77 32 229 198 24 
71 125 22 14 245 31 14 190 165 77 161 210 133 147 5 113 225 137 28 163 207 202 108 133 161 110 217 238 142 190 181 166 59 203 180 
72 48 235 195 239 144 16 144 98 149 35 104 6 5 241 34 168 192 237 20 69 142 130 30 125 16 221 50 182 24 253 106 73 232 45 
73 56 120 61 200 219 210 235 67 217 240 52 251 152 245 232 172 58 119 46 89 244 62 54 38 244 78 35 95 151 12 140 207 132 202 
74 151 95 156 131 162 117 115 215 113 12 204 89 184 6 208 231 95 196 37 149 234 26 228 14 121 123 26 5 75 158 207 226 254 108 
75 101 160 225 217 119 82 229 67 172 157 74 124 132 169 65 170 63 43 196 35 57 61 158 83 66 233 242 18 204 240 126 49 144 95 
76 10 8 178 239 75 94 141 149 218 17 63 27 187 126 71 127 161 128 188 63 212 255 41 198 17 245 182 143 38 70 238 49 78 160 
77 32 154 254 173 47 217 191 110 244 122 236 59 250 141 188 182 205 144 181 246 86 198 235 12 85 17 82 68 66 161 228 99 59 227 
78 16 106 188 207 217 176 74 197 236 68 83 168 250 32 56 176 22 142 118 1 154 204 18 236 16 85 141 244 184 200 215 200 51 147 
79 152 12 68 226 209 48 38 36 216 32 68 16 208 90 158 71 91 56 19 110 36 35 195 178 23 123 122 239 67 173 130 219 185 198 
80 189 139 246 227 175 206 4 244 222 212 78 124 27 170 180 46 24 217 81 219 139 105 86 5 88 153 179 218 117 108 161 50 247 151 
81 22 167 102 26 155 68 238 233 193 10 147 117 56 171 78 138 134 217 243 220 223 75 118 146 37 235 254 198 29 246 94 51 157 196 
82 77 56 8 60 33 201 70 181 63 126 96 141 8 231 103 251 195 70 70 57 216 108 36 214 50 66 204 144 117 105 84 195 161 93 
83 255 195 38 69 120 101 195 216 243 204 191 90 199 131 160 14 188 120 122 225 78 172 35 27 61 152 132 145 91 38 238 90 233 21 
84 159 97 122 99 57 109 47 249 199 246 124 103 4 56 223 126 25 46 43 60 73 104 213 205 249 48 243 232 139 220 253 42 61 119 
85 141 119 229 188 112 172 179 236 20 183 36 243 54 62 33 97 122 106 201 79 56 194 128 43 170 11 8 167 53 69 31 195 188 4 
86 127 44 176 50 24 196 234 61 184 32 123 217 129 245 68 74 69 124 12 197 167 183 208 175 94 5 245 125 200 177 129 72 222 50 
87 122 246 246 100 51 174 132 174 136 5 164 204 79 233 72 92 174 239 19 126 159 113 131 148 239 76 69 112 148 35 162 14 26 153 
88 115 77 71 247 252 207 253 160 155 76 137 227 168 55 211 187 181 114 45 56 6 28 132 75 140 24 111 47 39 137 200 154 214 15 
89 145 210 223 142 114 122 219 251 94 131 50 49 63 231 163 108 32 169 136 164 244 20 189 99 67 228 236 11 126 195 27 15 149 250 
90 158 8 116 121 3 210 252 54 3 59 29 166 167 61 79 47 226 68 68 159 167 135 131 148 147 1 87 174 16 236 168 174 244 28 
91 39 248 239 36 46 242 95 75 153 7 137 232 54 107 44 122 10 212 2 141 104 149 142 191 67 158 171 235 77 160 7 116 152 246 
92 152 198 233 248 17 130 255 154 106 53 5 151 176 15 107 178 156 211 71 42 146 138 201 61 117 22 221 124 138 117 115 35 59 92 
93 27 77 222 26 231 72 79 237 223 255 252 74 177 153 29 248 195 175 130 140 237 247 162 202 116 45 64 231 80 123 67 107 200 33 
94 133 176 105 212 157 73 212 153 147 133 50 177 126 246 96 0 130 77 248 37 24 108 82 88 83 162 211 150 13 156 183 146 76 32 
95 102 233 105 58 130 253 192 181 174 62 171 14 62 45 92 54 82 116 162 164 204 245 70 159 139 83 59 66 229 135 99 76 112 204 
96 134 243 201 70 168 119 132 83 134 195 128 226 249 211 86 156 119 34 145 190 193 29 17 253 95 247 132 194 67 245 143 201 232 88 
97 16 144 208 148 227 86 87 99 56 81 54 142 237 174 176 126 108 113 155 125 110 251 116 243 189 183 232 76 129 208 165 145 96 117 
98 37 67 203 125 166 3 206 221 145 187 139 65 57 247 178 213 116 33 208 233 20 141 160 252 218 33 204 127 178 44 244 216 111 191 
99 85 21 194 35 242 83 222 125 148 23 116 70 236 233 103 188 210 123 74 114 119 36 148 67 163 70 111 151 30 222 86 115 244 24 
100 150 230 107 116 100 255 140 216 69 120 193 173 53 147 40 127 6 160 163 154 227 70 224 83 221 255 49 51 114 37 75 9 12 182 
101 125 112 181 9 72 250 130 10 167 183 157 208 54 163 112 217 61 83 31 30 166 252 29 216 47 143 253 122 152 9 48 22 121 229 
102 31 194 223 161 204 135 88 105 87 142 13 199 103 74 26 134 104 193 130 133 153 177 21 150 43 173 160 91 195 25 64 227 219 32 
103 132 167 167 221 17 254 107 30 197 211 104 223 89 209 160 220 86 57 141 107 208 185 25 112 20 220 137 85 191 101 117 68 12 28 
104 33 29 26 140 59 223 95 164 190 185 117 95 149 203 152 34 55 104 219 80 216 240 44 98 69 236 199 186 48 211 214 81 241 240 
105 221 44 207 61 208 141 246 69 236 139 17 133 173 72 237 137 152 198 121 196 40 190 176 239 120 224 194 78 49 179 62 15 224 13 
106 76 176 154 66 246 135 205 7 12 122 79 249 3 231 191 124 171 231 58 92 214 178 60 153 0 110 76 62 125 44 75 201 221 230 
107 11 211 109 216 218 121 82 41 114 86 16 50 210 187 25 13 23 240 191 84 137 192 194 213 254 63 2 74 8 223 48 19 178 157 
108 235 140 22 61 181 136 147 197 186 102 128 212 115 152 196 50 236 77 242 174 34 241 237 36 59 245 3 107 8 181 8 243 65 30 
109 48 246 166 196 187 97 42 60 53 157 212 249 207 192 70 194 110 104 179 91 141 238 80 144 89 88 70 97 75 135 127 123 126 37 
110 63 57 134 105 117 187 6 73 180 214 9 250 152 119 99 75 210 240 57 34 128 146 122 198 243 197 78 114 65 204 151 128 5 30 
111 234 123 217 240 196 142 198 206 136 94 69 235 169 24 219 226 58 92 116 181 34 103 122 112 217 187 60 113 60 66 143 38 189 104 
112 22 129 246 221 79 127 59 149 106 229 173 70 199 231 162 60 156 196 163 23 53 125 210 113 238 14 179 125 52 112 229 75 242 220 
113 40 65 91 99 214 197 72 131 11 16 107 173 76 7 114 239 30 167 108 241 24 90 255 204 215 52 60 189 127 46 153 167 112 244 
114 10 70 185 83 202 197 99 53 114 175 60 228 158 91 139 11 76 164 101 75 112 61 127 172 250 254 219 147 165 75 135 176 145 64 
115 3 91 5 102 144 120 21 205 92 179 40 232 190 116 140 36 191 252 97 63 168 91 61 131 238 227 206 117 147 96 181 150 187 187 
116 252 76 51 17 25 143 196 65 119 131 181 3 167 116 255 8 179 168 99 241 43 81 212 250 198 103 90 123 253 21 54 249 97 105 
117 10 122 249 206 187 112 81 112 116 248 229 115 0 152 27 99 137 71 180 93 65 122 196 155 246 193 176 44 186 18 150 196 140 143 
118 147 72 255 228 184 115 221 157 231 221 54 2 65 191 73 245 29 138 112 225 37 102 163 214 146 93 232 40 34 116 183 181 188 183 
119 153 117 42 118 18 17 84 72 20 149 8 93 138 37 232 250 6 13 96 169 227 243 7 203 27 41 64 211 222 252 138 119 113 180 
120 238 132 198 66 204 218 215 212 55 97 249 31 92 0 45 188 169 16 175 176 220 203 217 28 158 183 24 40 47 138 220 29 14 162 
121 95 218 124 54 175 180 151 168 211 243 168 0 176 82 17 95 2 237 42 220 9 200 147 33 240 194 171 205 223 185 111 62 148 236 
122 116 67 160 12 235 115 255 148 116 175 230 133 15 232 114 57 196 123 2 88 156 242 26 72 191 250 1 47 56 149 27 173 216 187 
123 185 196 46 184 88 162 104 62 39 119 38 153 176 235 20 178 67 177 165 93 249 100 87 250 147 144 144 174 61 104 105 246 44 152 
124 174 132 58 22 194 98 141 233 251 62 212 16 240 23 193 149 116 186 250 204 180 141 92 68 60 153 173 165 143 217 61 61 94 120 
125 84 32 218 225 9 213 31 221 229 16 244 166 165 105 96 159 53 21 45 145 89 105 42 6 14 185 224 76 246 62 196 74 94 158 
126 44 104 115 75 69 89 91 58 255 1 163 96 160 216 117 205 105 206 54 147 213 69 76 181 145 66 243 85 141 81 243 185 185 102 
127 4 255 191 96 57 191 97 220 31 1 180 148 207 29 98 5 176 55 74 252 236 219 62 223 48 203 49 35 132 234 138 137 233 73 
128 233 34 8 74 254 39 75 178 187 26 207 30 32 127 85 106 123 66 70 186 33 118 133 82 154 10 61 36 147 38 109 124 73 118 
129 198 71 157 17 250 89 44 201 119 76 73 204 182 196 14 252 126 48 115 4 130 13 14 191 49 161 230 158 29 47 20 227 118 178 
130 244 112 11 32 58 130 108 131 78 35 71 93 31 198 141 146 202 15 159 216 207 208 121 181 111 150 228 131 121 90 53 109 203 64 
131 142 5 194 250 136 17 29 207 110 61 149 251 207 95 10 111 55 217 63 176 142 174 70 114 50 191 205 103 45 152 168 187 157 106 
132 181 37 123 211 244 233 16 138 228 223 233 239 78 33 200 142 209 87 60 24 201 110 215 150 214 4 46 126 191 203 232 117 240 100 
133 72 229 77 88 111 50 55 88 33 134 121 233 20 75 64 80 99 10 191 58 160 149 63 207 19 254 154 251 115 139 95 187 112 173 
134 19 223 223 75 55 0 209 177 233 229 252 42 53 95 52 244 153 212 137 216 163 156 215 62 152 74 201 247 6 57 164 25 24 131 
135 100 79 131 53 0 109 26 252 151 80 91 203 68 245 159 206 205 67 106 164 129 2 239 74 250 245 131 158 14 155 34 115 234 165 
136 168 235 18 195 231 169 19 67 116 87 56 20 37 5 87 144 170 216 146 153 34 140 142 165 43 156 64 77 15 42 242 184 21 5 
137 123 253 174 142 64 35 229 120 55 11 125 142 155 39 102 45 192 136 186 78 45 229 235 109 50 250 151 36 178 173 41 45 170 216 
138 187 234 251 161 98 50 172 223 192 71 7 38 116 199 174 46 22 219 19 1 72 69 251 223 106 174 140 147 219 54 107 151 32 102 
139 56 130 152 228 98 88 43 105 126 159 48 44 206 70 7 225 71 79 39 67 47 145 241 187 36 204 242 144 99 18 246 155 149 143 
140 127 247 231 170 96 102 74 144 146 24 215 154 249 30 233 32 97 24 177 82 212 214 31 198 102 130 216 92 30 109 235 157 100 211 
141 72 196 57 146 85 203 170 44 101 163 74 79 196 172 103 117 254 59 75 29 1 177 160 218 14 190 71 249 91 172 204 163 112 5 
142 53 197 209 223 241 54 131 60 133 71 232 237 188 230 40 8 4 42 185 164 4 199 98 75 193 189 247 141 97 104 147 150 45 100 
143 118 31 154 249 91 32 64 67 13 252 41 53 4 45 95 190 209 99 133 51 175 70 241 166 212 82 14 103 232 60 203 94 91 101 
144 87 182 133 151 249 146 148 34 200 152 80 39 86 33 139 220 85 58 34 70 224 246 152 239 93 128 43 40 223 134 142 54 60 19 
145 206 53 166 98 87 110 250 167 149 81 201 32 45 30 90 79 100 59 70 252 42 163 124 85 204 91 219 90 146 23 109 96 76 19 
146 194 163 129 188 75 23 13 20 55 58 50 146 138 150 205 208 146 247 115 14 76 63 106 39 153 252 62 7 92 138 26 30 45 156 
147 218 120 179 232 140 234 34 190 124 172 84 73 124 230 64 240 245 140 47 95 179 201 91 241 208 183 123 234 213 169 134 175 33 57 
148 151 174 36 186 108 160 102 193 234 227 167 42 211 156 183 2 251 106 203 86 92 155 13 215 134 226 128 12 146 162 70 41 80 106 
149 227 188 10 74 125 244 45 37 31 0 193 214 2 189 64 206 19 156 105 33 116 239 3 244 252 149 150 66 191 230 172 162 163 182 
150 236 32 171 25 69 202 25 7 160 28 196 224 234 215 125 83 248 241 67 252 229 63 145 124 129 80 98 45 243 5 227 223 38 142 
151 249 107 88 18 114 248 46 54 217 24 14 86 108 6 71 175 2 44 238 148 168 111 228 11 156 215 16 127 183 54 14 176 162 102 
152 194 20 95 241 75 56 9 89 142 117 95 213 36 98 1 18 246 170 129 218 181 29 178 197 157 105 252 171 25 158 17 219 178 112 
153 204 253 168 214 86 54 75 182 11 112 24 13 130 14 183 4 232 108 33 154 49 190 3 45 105 28 203 123 248 126 235 196 123 148 
154 154 210 202 230 136 214 86 160 227 216 174 154 220 150 6 254 49 55 188 52 101 38 81 48 161 73 174 140 13 42 32 168 252 235 
155 142 132 193 228 36 164 188 210 62 153 104 68 151 153 123 83 206 224 121 31 17 26 104 191 167 117 233 199 29 229 178 171 105 115 
156 143 141 23 76 95 85 229 200 153 124 97 21 207 47 245 73 78 6 99 182 198 10 44 175 210 73 149 132 245 254 248 132 140 15 
157 208 235 101 181 179 254 49 21 19 1 68 9 74 147 15 173 73 213 184 117 133 138 191 26 14 180 24 6 56 164 22 9 144 123 
158 190 67 121 240 88 141 241 157 150 59 48 165 232 121 123 160 239 0 42 174 26 57 98 50 63 154 215 85 163 103 208 98 170 74 
159 82 3 215 67 160 109 126 208 18 102 73 141 7 56 141 49 230 167 106 72 218 170 227 177 255 134 24 208 232 194 26 58 197 241 
160 125 101 94 251 53 112 98 127 254 105 183 139 154 158 51 5 230 13 175 201 190 174 80 214 126 56 152 152 115 94 137 240 195 231 
161 236 249 88 78 120 86 183 47 225 81 205 20 86 180 33 5 125 223 180 205 181 50 6 78 203 121 172 84 105 111 60 85 104 148 
162 163 224 234 90 16 203 172 221 224 2 145 1 8 15 225 188 220 150 238 226 228 185 91 144 14 197 0 74 26 104 222 190 73 200 
163 24 89 147 196 54 115 199 200 117 207 215 86 139 179 236 121 150 209 51 241 97 65 182 97 139 209 202 105 143 19 49 167 108 196 
164 108 162 56 51 106 173 2 65 3 141 245 239 6 139 192 57 124 34 122 51 131 5 4 77 110 147 96 159 58 204 100 166 111 156 
165 217 217 73 219 27 76 104 16 59 111 155 252 168 23 30 35 74 161 40 78 239 151 225 79 54 28 28 154 194 139 54 156 100 127 
166 119 127 203 224 143 7 79 42 3 247 66 33 26 140 194 67 219 177 218 188 1 16 216 29 171 155 168 225 55 12 97 174 140 44 
167 142 27 51 221 70 54 213 136 87 239 20 26 50 239 203 12 172 204 29 132 233 200 31 145 169 86 158 10 5 42 55 147 69 106 
168 113 139 161 70 19 248 53 40 18 104 23 222 116 195 170 145 72 148 89 103 37 3 190 195 13 195 237 68 86 51 175 199 190 80 
169 13 210 72 67 250 91 171 17 57 31 213 227 177 29 119 10 132 157 13 66 96 27 5 78 95 92 129 14 35 63 94 49 17 167 
170 116 11 2 31 29 59 62 242 30 239 15 150 250 147 51 7 214 147 34 219 225 130 55 98 144 91 162 239 140 179 150 0 191 152 
171 31 220 211 93 206 241 77 221 135 71 112 186 78 70 78 113 34 47 243 89 146 131 180 52 114 64 231 8 64 166 160 95 130 115 
172 189 80 101 10 45 236 81 158 167 159 228 245 16 6 36 3 96 182 135 20 234 249 85 210 2 149 120 162 245 251 22 178 75 123 
173 188 121 103 13 23 14 172 251 3 189 2 40 192 98 222 71 118 201 65 203 155 67 97 19 229 86 14 251 8 90 118 196 211 222 
174 209 234 236 125 229 240 58 231 24 251 73 246 66 192 191 131 139 90 198 236 110 172 66 124 167 74 214 30 14 169 252 223 147 232 
175 93 121 216 151 96 240 146 170 231 213 106 166 88 245 1 31 226 111 203 36 235 114 111 194 144 125 107 140 93 255 117 186 120 77 
176 81 216 62 228 130 37 185 236 203 17 226 204 48 196 59 251 232 39 110 87 233 254 213 84 139 50 83 0 236 203 77 61 164 139 
177 33 38 176 218 19 124 236 245 72 28 185 132 24 161 171 134 249 148 132 206 232 15 0 60 15 236 7 93 41 171 232 75 210 153 
178 37 229 21 17 218 93 46 147 225 70 52 140 204 45 32 80 251 9 96 251 69 111 231 76 204 17 248 181 92 202 78 129 175 99 
179 147 137 192 193 28 162 7 80 46 211 126 79 35 121 88 131 117 157 243 92 233 191 109 225 116 201 171 194 75 90 37 222 227 230 
180 159 255 136 166 80 182 121 206 5 156 71 93 32 188 250 19 25 228 210 134 197 71 80 113 9 155 203 47 121 175 21 24 174 157 
181 190 254 83 55 204 89 211 20 182 243 208 177 6 233 149 217 112 90 32 192 203 41 91 151 88 212 70 109 236 244 10 170 243 94 
182 225 191 183 180 211 109 168 164 30 174 141 179 135 253 14 167 189 217 209 24 112 41 236 182 151 216 171 161 130 158 255 99 93 182 
183 24 49 36 192 213 66 110 98 246 246 96 4 157 29 221 110 54 78 152 34 4 47 251 175 208 125 77 208 225 171 134 249 220 170 
184 185 177 237 39 19 227 29 115 231 187 145 196 41 199 18 193 233 23 240 228 198 193 98 20 145 67 191 23 60 155 194 245 76 175 
185 28 95 146 58 211 121 245 100 61 30 43 80 224 20 103 208 249 45 145 91 65 34 158 0 58 218 155 252 207 231 171 235 71 61 
186 37 26 182 26 126 243 57 169 67 25 189 170 233 182 216 123 17 25 157 175 26 215 137 181 211 88 157 126 68 228 187 105 254 113 
187 132 124 101 189 37 168 214 226 83 191 153 43 58 170 68 216 90 94 175 227 20 131 60 177 1 128 149 189 233 147 46 109 15 147 
188 42 52 60 0 22 143 192 175 186 250 90 254 210 180 93 130 151 113 5 211 34 6 83 183 195 61 74 242 170 89 133 213 141 193 
189 213 163 80 149 83 10 144 173 9 98 97 102 228 248 215 233 204 249 240 31 176 179 92 250 165 7 83 43 220 224 236 177 131 61 
190 71 214 71 215 131 80 57 228 182 30 221 141 7 169 134 247 200 54 171 37 48 80 44 131 123 8 99 104 185 231 165 0 189 236 
191 215 65 61 17 37 243 47 2 129 54 171 7 46 116 62 217 153 110 41 197 242 165 205 85 13 134 60 178 135 250 158 94 59 219 
192 111 96 207 158 99 80 213 14 87 3 130 149 220 27 4 5 224 246 170 173 75 183 52 136 105 187 130 8 25 189 227 137 29 178 
193 39 128 2 252 143 90 255 17 239 219 45 243 225 13 233 139 187 53 67 239 189 172 170 63 180 195 252 152 76 25 74 116 154 77 
194 112 41 167 112 58 150 75 103 138 44 117 115 184 48 168 251 31 101 167 201 164 92 140 160 244 217 186 62 77 84 139 189 125 50 
195 45 183 201 121 31 83 165 148 198 93 196 111 88 227 212 0 172 121 92 56 25 80 17 211 142 94 39 26 28 164 76 73 92 21 
196 194 123 104 104 15 47 197 211 158 30 182 114 30 98 235 122 154 5 202 172 216 88 10 0 114 38 164 191 112 0 212 50 123 61 
197 154 138 108 96 93 10 126 19 124 156 117 104 22 16 109 224 188 69 56 198 69 171 237 234 106 93 234 62 143 102 123 42 240 231 
198 138 78 241 8 97 110 164 215 214 186 231 67 154 163 136 210 105 206 125 86 184 231 179 162 38 67 8 161 109 249 137 247 71 122 
199 255 168 232 163 127 190 93 102 1 247 9 138 201 115 88 71 201 16 46 125 178 84 192 187 246 45 180 127 36 251 249 35 163 226 
200 198 35 160 35 137 162 26 147 44 227 6 132 42 207 148 89 76 70 173 12 1 163 57 181 34 93 176 28 128 84 254 70 119 158 
201 105 0 64 131 147 108 103 153 240 145 105 132 234 181 203 152 194 204 59 251 130 94 89 50 122 217 134 120 32 253 22 137 254 87 
202 13 145 195 116 43 180 5 148 56 240 73 3 136 11 208 195 7 82 33 96 132 155 57 11 19 89 8 42 227 6 129 240 152 68 
203 100 195 248 105 87 49 89 160 52 225 172 4 165 179 86 198 19 219 98 76 230 117 166 238 159 137 245 32 121 141 101 221 80 93 
204 70 167 142 160 71 195 129 243 199 38 166 30 237 185 249 79 6 223 196 172 205 100 53 194 132 174 79 233 139 159 71 209 70 213 
205 113 142 152 243 129 96 25 40 126 6 225 119 85 231 86 26 147 35 126 200 230 2 118 53 236 1 213 51 211 27 8 68 169 161 
206 55 43 1 81 83 127 87 52 246 173 28 76 199 175 111 69 120 85 71 238 139 51 240 96 102 195 123 111 7 37 16 63 80 17 
207 144 163 144 231 215 134 148 243 210 91 163 65 160 27 151 232 9 34 27 249 130 130 188 253 241 196 34 1 3 114 18 147 21 162 
208 122 237 40 15 224 250 106 131 59 11 158 210 243 168 244 14 161 118 144 94 116 129 34 150 130 37 9 148 184 30 54 50 11 94 
209 65 236 88 172 111 148 183 14 102 170 182 91 184 87 209 73 181 69 202 215 220 77 252 229 225 180 3 24 231 15 118 40 251 207 
210 212 106 99 139 120 201 53 46 36 238 134 246 55 59 59 1 19 23 78 15 252 48 196 0 72 171 15 190 211 10 141 168 116 240 
211 51 237 186 105 27 222 87 161 212 142 221 16 143 240 39 222 255 36 14 195 36 86 110 51 20 66 61 162 234 177 146 29 158 76 
212 134 186 43 221 91 255 107 56 15 251 40 55 217 40 91 231 235 127 61 90 178 81 156 239 243 134 160 134 163 63 210 42 249 253 
213 7 84 253 115 141 12 110 181 67 71 221 158 46 201 29 107 35 207 188 191 190 176 69 95 54 232 158 8 18 151 6 26 235 3 
214 141 120 15 251 46 83 66 11 241 112 212 15 219 247 222 151 182 157 71 251 252 125 228 154 134 246 49 140 16 28 143 157 149 158 
215 152 195 241 218 206 227 74 163 242 37 154 208 189 81 109 4 76 105 130 48 3 8 39 52 148 55 81 35 213 230 193 109 169 179 
216 72 119 150 146 26 136 184 181 88 117 6 198 121 82 47 251 131 51 3 170 103 151 225 184 186 182 158 124 36 71 47 108 191 197 
217 254 217 77 182 142 165 43 148 107 165 231 155 160 106 206 164 20 53 59 245 238 246 172 140 114 208 212 161 60 147 102 58 108 179 
218 241 251 88 28 143 196 193 118 95 98 224 45 6 244 98 65 234 80 55 150 221 169 102 177 74 162 68 176 220 176 99 205 171 188 
219 234 59 128 171 177 223 13 146 12 19 134 110 85 112 191 140 6 156 54 108 77 128 14 145 49 235 65 148 184 237 80 162 40 208 
220 78 217 175 91 107 187 111 242 42 196 98 233 80 105 133 134 213 210 7 228 99 56 207 164 204 135 145 29 42 185 237 120 147 157 
221 211 254 88 66 240 130 6 83 107 87 188 240 221 145 194 228 117 37 28 68 202 233 204 91 6 246 21 243 110 168 144 65 166 233 
222 132 151 107 138 234 215 225 166 199 191 55 138 163 173 175 192 241 121 169 189 213 175 179 234 162 33 146 51 99 56 28 231 207 135 
223 113 185 94 83 95 38 18 151 176 181 68 95 117 53 217 30 243 174 205 166 152 112 200 42 163 43 98 191 18 50 70 131 235 165 
224 214 75 203 232 226 123 158 38 218 19 91 179 50 78 97 255 245 249 111 189 35 18 232 134 209 250 184 24 125 163 189 84 238 136 
225 60 208 3 218 246 221 238 82 145 32 160 242 31 149 236 143 82 15 161 58 149 115 52 77 139 178 241 72 6 223 208 66 176 211 
226 29 166 176 11 248 65 43 153 52 74 46 32 217 129 47 123 187 197 238 240 18 121 162 3 193 168 227 145 234 147 100 7 57 20 
227 18 50 86 61 203 138 136 249 170 97 122 217 220 54 158 202 38 177 67 200 180 4 112 151 149 90 42 249 98 100 14 116 150 100 
228 178 97 238 58 90 152 155 213 113 120 11 16 66 49 193 134 249 117 138 105 13 32 195 55 25 37 155 39 154 49 139 76 146 121 
229 134 237 17 33 194 131 153 205 147 220 254 84 98 247 201 236 96 214 12 35 14 38 73 169 77 227 219 217 47 109 82 181 90 100 
230 214 28 231 112 233 122 76 231 206 174 222 151 154 62 110 167 98 124 205 171 37 26 142 0 243 189 110 70 114 200 170 72 229 145 
231 184 206 11 4 182 217 178 148 112 77 211 222 244 53 90 193 224 128 219 110 128 207 43 238 21 157 183 191 229 156 80 158 106 91 
232 162 32 52 85 181 164 162 136 131 150 189 221 87 157 93 50 11 222 1 54 204 22 211 131 213 184 31 37 86 138 128 249 170 180 
233 78 95 89 240 231 220 134 164 185 221 65 23 15 76 245 17 130 193 39 85 69 253 14 100 34 100 238 163 93 153 87 171 248 176 
234 155 224 140 33 132 70 254 198 93 14 18 82 31 149 19 70 234 88 67 248 189 102 93 171 9 186 68 96 102 61 17 1 29 157 
235 35 161 227 33 103 64 47 122 146 78 15 166 149 249 254 216 242 187 62 79 103 71 9 171 168 111 232 185 113 5 86 148 167 58 
236 181 14 122 229 136 13 51 151 179 200 145 177 161 131 109 223 210 212 39 219 127 207 75 104 136 188 109 222 80 20 24 5 35 147 
237 234 171 160 30 67 83 230 212 4 135 87 113 103 41 69 142 4 197 93 79 45 229 11 154 195 91 175 220 97 210 111 75 125 15 
238 105 192 98 80 148 102 215 235 216 62 20 29 204 25 226 41 104 15 14 116 170 210 207 89 174 48 43 29 124 168 44 229 105 142 
239 53 253 244 13 233 204 75 253 234 24 22 204 65 127 220 80 243 134 34 194 223 208 243 10 237 111 178 25 84 27 167 138 25 155 
240 151 2 104 226 255 82 250 22 30 60 149 250 140 136 128 174 74 95 126 61 105 107 172 28 132 1 55 43 139 80 198 34 82 46 
241 4 82 128 255 104 159 59 253 153 199 133 26 117 207 121 243 13 227 94 185 255 226 186 54 13 69 135 211 103 217 2 108 43 130 
242 107 147 33 166 144 187 109 21 213 226 229 78 213 242 49 51 171 48 21 102 103 34 171 238 245 19 199 247 127 243 122 234 134 155 
243 144 23 86 253 44 43 223 17 122 180 3 171 231 175 220 252 21 67 30 192 49 19 211 248 11 82 235 133 60 114 32 204 137 119 
244 201 181 162 168 199 28 92 202 200 67 121 164 63 142 231 93 79 24 113 34 16 124 117 252 1 177 110 33 126 247 152 71 172 59 
245 240 115 87 76 62 31 144 183 195 207 70 170 45 149 194 158 183 211 26 44 207 27 222 61 60 92 52 213 163 224 16 147 84 103 
246 224 146 135 112 73 74 63 143 245 108 36 183 10 220 138 36 8 89 63 230 150 124 66 202 81 230 171 97 121 255 200 89 145 79 
247 201 218 154 9 106 143 117 142 70 128 106 209 164 115 42 228 89 193 96 156 139 177 130 54 18 251 53 218 85 198 42 30 161 196 
248 39 11 83 157 153 153 29 4 106 193 119 149 165 208 86 5 108 225 182 238 24 200 234 77 163 63 20 205 93 181 145 133 192 228 
249 34 89 125 63 93 232 0 212 125 166 165 211 171 17 180 98 0 204 42 234 26 205 41 46 154 134 227 43 11 163 15 45 252 141 
250 108 90 117 109 46 242 19 211 197 190 229 121 32 229 70 75 207 96 24 248 142 179 126 113 222 138 20 238 183 16 123 36 106 240 
251 145 153 226 164 108 167 98 81 32 131 54 102 206 5 198 230 253 84 153 124 197 120 6 217 102 189 234 225 225 84 209 114 237 179 
252 22 90 90 121 171 122 252 226 225 202 231 167 176 229 252 74 97 193 194 103 155 40 36 133 9 6 217 218 120 199 141 143 33 231 
253 8 204 97 4 174 66 206 150 234 126 123 230 200 220 167 138 67 66 178 103 199 187 109 161 149 230 104 34 117 137 9 125 85 107 
254 129 4 173 79 154 151 205 21 125 150 241 37 32 52 103 211 155 47 142 9 208 36 239 56 70 100 193 80 225 22 187 98 26 104 
255 177 180 0 126 201 125 20 186 162 53 238 10 8 138 57 150 147 9 186 130 65 1 230 2 81 199 24 12 41 51 116 218 231 116 
256 88 177 242 109 107 148 162 90 158 170 228 215 64 119 224 251 249 33 252 223 35 77 166 60 89 207 111 205 169 86 66 1 7 52 
257 110 115 200 16 205 103 186 177 62 251 40 31 246 33 64 242 0 100 63 166 160 152 117 15 101 30 101 167 31 109 219 142 224 164 
258 158 173 11 89 94 73 84 134 104 74 167 169 60 167 13 123 77 173 19 194 188 120 224 33 32 255 142 251 141 110 159 44 27 170 
259 133 121 244 217 255 92 35 166 5 95 77 18 218 154 191 237 92 123 101 60 157 133 60 43 129 201 154 32 245 181 203 122 47 191 
260 83 46 27 118 213 33 213 34 51 175 189 243 156 25 110 2 86 11 135 146 55 8 91 209 41 81 134 244 203 181 179 31 228 206 
261 149 185 239 107 219 35 26 152 22 183 178 132 185 8 144 64 154 199 73 245 152 114 70 30 102 18 212 25 49 184 231 198 113 215 
262 49 76 250 76 229 16 3 151 148 188 159 36 252 57 235 69 46 131 183 117 162 29 135 118 54 184 46 30 126 159 245 176 235 239 
263 252 208 255 255 103 147 187 6 184 183 63 163 253 110 39 180 227 201 210 106 63 8 34 109 38 160 12 27 80 247 10 76 200 9 
264 75 47 157 6 54 85 190 117 248 187 227 31 111 198 232 65 48 39 74 82 148 112 243 160 140 67 152 150 144 96 160 219 143 61 
265 226 197 146 160 59 138 91 30 170 202 229 146 12 21 186 86 104 78 198 91 239 82 158 135 233 46 231 137 10 118 198 236 60 88 
266 140 119 226 231 149 140 177 122 31 189 144 217 19 248 39 218 83 22 44 241 157 21 32 132 158 42 251 100 22 55 188 162 174 159 
267 137 67 43 58 190 74 248 78 35 11 70 75 229 153 97 18 138 255 39 170 131 198 212 126 42 234 181 231 140 99 134 21 167 177 
268 80 101 252 72 179 31 83 249 106 57 146 204 75 28 203 114 199 78 56 155 205 99 134 130 74 18 230 208 40 141 129 120 242 125 
269 192 165 157 19 158 7 76 48 211 151 76 158 10 19 237 66 175 186 165 53 60 239 71 34 191 111 175 65 231 161 190 167 70 91 
270 187 228 99 7 20 54 159 97 213 169 116 194 235 35 124 145 88 184 128 160 219 64 15 138 129 247 44 63 158 114 155 89 87 254 
271 97 107 52 0 204 9 169 65 203 148 100 71 37 189 0 166 93 219 230 108 101 103 99 145 166 2 4 65 91 91 63 188 198 116 
272 188 147 125 101 212 73 250 56 144 31 245 144 197 82 107 171 191 209 18 34 98 185 36 102 250 128 193 58 60 136 174 249 27 43 
273 94 239 116 88 39 5 120 29 149 61 111 1 233 46 210 251 81 52 180 117 155 175 245 92 233 50 228 151 43 255 194 137 238 55 
274 226 22 60 90 51 209 151 162 210 128 209 164 124 34 217 48 151 116 223 141 208 200 191 181 95 234 180 34 115 163 89 85 185 149 
275 175 236 102 71 142 57 199 95 221 67 129 182 116 25 42 83 166 251 28 101 176 123 79 100 157 194 7 246 24 192 139 199 172 242 
276 14 59 43 214 154 8 25 28 191 141 53 233 225 219 228 253 64 148 120 143 249 22 81 0 12 105 193 152 49 109 138 63 168 181 
277 21 67 189 47 95 124 188 148 102 157 111 74 154 175 223 19 62 216 41 143 216 53 249 153 205 42 7 87 105 175 12 127 242 202 
278 174 81 70 106 229 172 8 84 247 162 3 214 181 65 174 222 209 134 20 202 32 225 244 39 57 93 214 69 220 201 15 138 26 86 
279 245 0 2 253 84 249 159 88 207 85 153 125 51 106 4 71 52 36 41 40 75 98 134 33 167 98 234 183 237 5 13 226 5 15 
280 223 89 9 126 177 216 211 75 86 7 181 90 78 234 126 119 18 201 217 152 234 129 251 213 56 232 218 69 202 223 84 169 56 93 
281 39 234 54 251 53 140 2 234 230 80 212 100 200 231 45 161 127 23 34 122 236 90 98 198 159 44 165 244 213 222 81 253 200 135 
282 248 253 19 250 231 249 74 188 93 18 163 138 180 34 162 214 157 142 49 255 85 208 44 250 196 1 216 22 254 160 157 246 157 177 
283 240 133 170 59 65 8 77 228 146 1 6 52 216 163 195 9 163 24 217 207 18 158 208 235 180 207 139 81 197 41 2 182 174 173 
284 241 239 181 62 211 71 64 217 124 24 125 63 33 32 87 250 239 105 152 191 84 76 142 224 158 84 9 160 10 183 77 251 166 2 
285 57 121 74 121 82 198 145 207 5 178 239 92 173 222 197 69 158 26 146 44 250 48 128 3 208 138 186 30 133 96 32 191 217 106 
286 56 43 48 202 251 53 124 234 145 41 201 87 111 103 113 1 147 107 49 20 110 1 158 40 31 36 136 64 227 97 170 27 140 219 
287 229 135 16 98 114 162 139 59 249 250 162 106 251 53 213 44 73 67 46 232 107 77 12 243 141 239 84 56 10 224 19 240 104 35 
288 82 218 197 221 21 190 216 183 40 211 236 253 0 54 64 46 30 171 123 42 158 9 25 242 65 35 211 84 19 59 119 101 21 61 
289 67 42 251 27 225 36 238 205 33 238 3 98 28 33 13 152 75 172 161 100 158 226 136 113 54 155 172 173 1 193 234 68 235 230 
290 95 204 10 77 154 43 60 157 141 88 191 155 240 10 71 145 111 229 115 247 87 169 146 3 87 147 197 65 215 176 39 54 125 49 
291 132 23 93 192 180 234 24 115 133 9 126 204 154 237 178 14 228 9 183 118 12 14 10 209 80 225 130 119 24 255 169 156 22 6 
292 92 202 240 116 62 118 125 188 66 24 169 244 38 141 253 221 3 10 236 13 219 60 239 93 179 7 92 92 163 114 98 255 61 83 
293 115 123 201 241 55 11 9 224 0 47 109 253 12 112 7 248 126 227 52 109 64 232 116 157 68 23 15 167 22 76 250 137 199 195 
294 122 254 206 131 222 206 178 75 204 191 188 211 183 58 182 236 167 247 212 27 148 24 50 163 191 72 240 185 209 183 124 76 182 75 
295 207 148 25 130 224 229 65 156 185 248 214 111 228 125 102 184 152 250 209 202 158 144 18 142 74 227 69 198 47 251 17 255 144 43 
296 129 112 16 194 12 201 186 226 57 159 95 159 87 247 154 40 193 56 185 211 198 3 182 11 201 230 7 219 229 151 6 102 7 22 
297 40 19 224 226 245 25 129 84 184 217 75 82 1 12 138 186 223 80 189 149 92 135 123 99 98 96 250 104 198 1 126 238 20 94 
298 209 9 119 82 93 48 43 168 130 45 180 13 231 147 93 165 40 185 44 164 28 142 4 22 246 203 23 116 185 43 211 138 52 74 
299 221 145 122 8 57 253 53 237 10 29 128 103 194 169 33 238 77 61 124 81 84 114 28 107 230 214 151 185 96 203 4 61 93 126 
300 70 150 123 123 132 133 152 4 237 90 173 14 72 250 75 196 76 159 54 104 11 29 62 162 214 159 109 218 220 202 89 34 97 212 
301 158 229 90 54 233 71 145 151 85 217 145 160 158 221 64 212 70 75 241 132 237 200 35 90 162 0 37 251 34 134 208 192 107 42 
302 247 84 113 136 235 198 97 125 102 255 90 166 212 160 241 197 37 222 141 72 57 48 72 94 43 107 228 251 43 79 37 34 163 150 
303 170 143 92 12 12 195 11 102 105 223 7 91 165 44 57 50 116 114 98 189 208 142 40 180 137 83 3 175 118 167 69 32 54 162 
304 44 66 101 56 168 206 23 175 41 188 219 99 239 80 213 81 13 166 223 53 90 105 136 94 24 254 5 93 31 59 255 75 125 100 
305 131 37 51 155 213 92 87 176 191 70 0 149 152 13 59 119 66 149 224 203 243 248 201 248 86 232 51 85 52 176 186 183 214 237 
306 82 171 73 170 91 9 240 92 158 136 105 217 0 172 110 224 119 98 217 64 90 47 41 142 132 93 62 62 20 20 43 103 191 117 
307 17 27 126 1 119 28 138 224 245 138 140 99 106 3 197 67 68 32 114 109 174 247 202 236 53 222 1 97 69 192 214 86 219 84 
308 88 82 112 226 51 101 108 191 200 214 195 142 26 7 174 140 116 92 131 62 72 185 28 73 26 98 10 240 184 229 68 16 56 180 
309 242 107 25 94 42 225 53 237 111 79 244 29 219 104 121 95 166 194 24 195 11 50 37 21 34 221 251 102 238 51 26 224 158 51 
310 63 200 20 116 182 132 195 170 161 158 19 27 253 185 221 21 124 232 71 161 254 105 127 249 207 109 44 233 77 202 28 140 146 49 
311 0 72 181 195 243 86 98 6 113 95 191 78 117 60 55 188 221 53 38 92 46 245 201 90 223 23 36 251 163 182 44 164 255 225 
312 103 242 56 201 248 169 41 183 248 158 243 47 90 209 100 128 45 146 118 247 236 85 14 16 80 177 198 125 85 197 94 189 183 150 
313 134 175 64 175 103 56 77 90 103 168 43 203 40 89 93 158 80 73 243 94 89 68 15 31 193 101 229 31 34 156 182 168 76 246 
314 88 179 46 165 13 149 77 57 96 118 146 189 20 226 6 8 64 95 76 79 126 13 180 99 44 214 0 226 127 76 216 215 255 6 
315 124 12 155 202 69 251 64 215 184 84 185 190 92 249 29 168 73 156 181 253 255 226 212 255 196 83 75 157 42 74 163 166 87 63 
316 112 156 58 176 116 243 5 45 177 97 39 207 10 112 107 191 109 106 161 65 106 102 148 181 3 190 0 166 101 87 229 213 243 32 
317 134 103 19 139 149 196 236 188 147 246 44 254 182 153 105 87 219 211 189 111 136 192 46 136 103 147 223 76 104 211 108 238 58 127 
318 121 207 68 102 139 215 92 183 214 18 81 63 106 44 18 39 155 154 232 201 35 79 92 2 155 197 213 8 179 16 135 45 223 203 
319 147 107 163 239 34 121 2 115 184 108 159 202 147 59 100 123 4 135 202 97 138 102 38 95 110 217 111 245 6 79 193 153 186 100 
320 137 220 221 139 80 149 247 239 95 138 42 195 6 47 75 208 144 213 54 182 52 164 143 164 154 150 243 91 47 173 191 184 137 156 
321 67 217 49 58 201 144 197 243 83 203 34 158 155 178 115 210 104 168 118 248 76 16 142 63 107 189 236 42 118 117 198 185 79 247 
322 244 24 135 185 11 219 132 46 121 31 224 237 241 73 149 104 65 225 120 207 32 228 140 12 14 2 129 213 188 208 204 176 232 84 
323 105 244 47 237 34 168 12 2 149 254 75 42 102 140 11 222 91 43 194 232 55 209 234 185 166 166 137 114 86 114 198 191 102 245 
324 172 136 158 185 138 51 183 214 94 29 98 105 251 190 149 190 166 204 143 144 133 53 55 15 167 141 129 110 77 231 99 249 111 1 
325 178 249 53 105 207 147 134 50 252 130 240 145 64 150 94 207 38 227 4 93 242 171 235 115 25 56 90 125 49 201 126 228 195 179 
326 77 146 70 212 196 67 86 180 212 150 74 50 101 113 22 105 206 8 20 185 124 46 241 214 171 35 160 41 7 99 221 84 245 35 
327 40 186 102 126 110 59 20 185 109 121 42 131 226 248 140 247 178 8 37 163 222 208 198 126 249 205 225 214 34 215 250 74 145 96 
328 201 255 155 221 184 9 87 226 140 57 219 24 48 141 32 85 48 255 37 247 125 31 196 95 245 230 54 239 49 199 80 250 198 235 
329 215 127 244 46 97 129 104 60 153 152 201 186 238 250 185 19 241 54 50 181 149 40 156 203 23 205 146 103 199 89 83 158 216 71 
330 205 57 200 53 118 98 205 63 28 187 57 213 207 42 11 1 224 161 41 124 108 65 73 255 168 16 88 251 174 48 67 123 105 11 
331 176 223 109 126 31 137 57 88 94 8 131 106 10 99 11 51 223 119 116 40 118 29 56 206 24 230 254 91 98 104 103 18 71 212 
332 144 102 94 202 191 188 210 66 38 220 165 49 16 132 169 132 172 31 161 228 238 186 202 236 21 44 84 124 63 156 81 207 2 175 
333 153 193 107 108 3 146 72 168 195 88 44 108 221 216 140 126 188 122 56 135 102 78 179 187 202 242 87 27 194 89 202 91 27 54 
334 199 30 200 16 199 139 104 243 248 69 204 132 196 136 254 252 15 100 74 195 31 21 181 118 48 119 208 251 211 235 49 154 9 249 
335 170 208 132 19 196 124 88 144 0 28 24 254 25 40 99 99 235 130 120 160 249 169 24 201 164 235 180 213 133 189 206 48 142 82 
336 67 82 207 155 226 207 184 250 206 209 34 49 52 13 179 173 174 172 86 198 117 250 177 41 207 54 231 157 102 117 239 169 199 190 
337 69 169 142 253 163 92 206 198 141 2 211 64 175 129 237 5 71 98 255 248 140 206 47 115 107 149 232 91 63 175 25 132 88 167 
338 129 251 3 79 193 144 81 149 209 1 22 190 6 94 32 6 86 172 212 133 31 64 27 7 155 90 182 180 222 14 92 95 10 95 
339 174 203 240 255 96 193 0 119 127 7 213 159 13 43 76 225 177 107 33 204 115 188 38 41 113 4 56 205 99 66 44 17 13 28 
340 16 110 221 17 229 92 24 186 252 37 229 72 6 150 179 40 98 38 228 136 80 85 140 136 34 239 202 79 0 215 107 17 69 73 
341 34 42 165 58 228 161 95 202 233 101 96 157 141 195 195 114 75 19 199 216 155 234 199 101 57 200 61 164 217 130 237 251 173 147 
342 53 145 52 148 91 30 249 188 187 135 127 126 249 202 146 192 162 45 170 106 147 227 50 208 136 11 82 117 6 255 8 59 145 61 
343 207 236 91 200 168 22 79 39 148 72 242 38 9 148 84 179 254 231 151 48 183 31 59 9 148 65 9 157 124 154 218 75 134 53 
344 20 47 75 99 86 223 172 72 6 181 221 90 104 219 65 255 12 248 30 71 1 179 137 10 80 5 164 42 81 43 95 101 90 170 
345 200 176 137 116 249 143 41 214 233 146 177 42 145 189 34 176 5 36 99 142 46 179 147 211 221 228 254 60 73 88 230 18 8 111 
346 134 1 255 176 215 232 66 137 19 211 70 53 131 75 89 230 217 136 153 109 91 118 81 89 178 155 177 152 173 185 8 51 187 7 
347 227 146 239 37 27 2 249 98 56 124 173 145 99 135 25 252 244 116 115 69 205 37 224 126 190 141 56 198 193 243 205 164 133 188 
348 202 161 191 195 3 247 63 176 136 162 55 162 159 43 22 18 113 228 55 81 98 245 223 154 187 160 141 136 68 19 69 14 180 4 
349 209 183 251 17 103 131 179 159 37 82 202 60 100 59 32 156 141 130 145 108 29 77 12 170 213 80 189 26 95 113 30 48 40 25 
350 65 144 157 245 47 194 71 249 254 172 53 30 72 194 161 217 46 190 38 58 104 252 138 38 22 233 151 53 26 192 78 91 80 235 
351 80 127 174 152 120 172 68 173 203 140 111 108 101 157 42 140 215 146 136 98 184 158 75 80 211 101 16 34 193 96 13 17 223 187 
352 169 87 104 237 5 51 121 116 159 223 18 201 107 233 91 243 75 20 145 151 100 101 252 116 135 189 212 148 207 179 80 120 10 184 
353 102 15 235 223 132 138 190 150 83 41 127 174 28 203 194 174 98 38 19 94 154 154 28 110 46 235 33 126 99 44 54 201 59 33 
354 169 191 171 103 85 254 145 213 173 173 160 111 91 2 150 110 96 48 8 124 159 55 103 192 181 203 236 236 148 40 13 61 231 185 
355 165 61 183 54 18 100 227 178 212 63 180 106 173 20 154 182 145 57 237 248 250 162 195 230 142 88 14 156 149 246 85 58 51 12 
356 112 69 113 84 247 69 147 171 175 64 191 73 246 80 131 227 73 125 134 12 99 20 100 114 176 250 104 5 52 155 18 165 224 131 
357 249 215 200 140 130 119 204 65 192 195 146 67 166 219 192 44 231 36 65 76 150 241 70 254 247 122 153 9 31 121 140 24 80 84 
358 164 210 203 113 19 139 52 165 207 218 128 143 7 104 179 72 180 73 57 250 71 48 116 224 57 148 89 197 172 169 25 81 123 228 
359 194 143 112 246 52 63 208 181 206 215 29 130 31 209 203 89 203 19 137 63 243 195 211 77 136 128 246 162 209 114 134 147 1 246 
360 137 53 53 89 234 4 49 7 134 80 216 81 169 163 100 51 227 88 246 182 165 126 54 155 32 7 13 167 154 14 157 35 68 211 
361 125 46 215 174 54 93 254 14 174 168 178 19 219 149 107 209 75 16 79 130 171 112 137 185 23 36 199 180 71 11 135 196 58 94 
362 114 112 187 113 126 106 25 48 125 244 197 232 197 17 248 20 147 163 132 28 92 155 64 36 80 136 47 215 76 105 54 191 217 241 
363 48 88 91 73 136 216 61 78 192 2 95 184 22 242 92 155 14 184 54 79 220 134 215 12 94 35 117 148 226 79 133 18 167 225 
364 91 47 185 152 125 122 154 220 50 177 206 142 76 221 71 130 44 35 9 3 47 103 38 165 251 9 244 128 27 155 97 119 202 27 
365 15 72 149 170 36 199 91 243 86 167 208 157 41 252 192 50 255 240 153 37 149 148 46 137 21 74 36 118 193 238 145 208 54 38 
366 122 91 238 213 78 68 124 30 225 166 26 161 216 25 145 114 62 38 6 109 175 27 183 211 146 120 194 35 72 248 74 195 83 56 
367 152 161 124 21 191 93 187 217 254 147 242 144 5 49 182 12 158 102 39 85 57 185 205 251 221 21 244 39 216 71 95 113 233 219 
368 134 168 56 65 130 54 212 116 198 218 165 125 230 67 227 13 152 28 199 101 24 164 123 12 203 83 83 42 196 60 5 74 229 61 
369 139 103 115 96 219 58 58 129 183 32 196 154 45 93 182 244 194 206 152 61 218 99 145 46 141 85 106 146 160 79 207 43 182 67 
370 139 146 125 197 19 52 229 215 206 19 52 132 7 247 83 160 52 45 3 197 91 145 27 198 35 187 21 243 230 204 54 114 94 179 
371 55 113 231 29 72 181 48 125 57 55 116 140 215 168 186 219 110 21 108 137 219 143 68 241 130 42 189 184 156 27 107 212 140 82 
372 241 212 7 33 81 65 88 197 205 48 110 135 11 220 157 119 101 120 6 169 105 137 211 38 65 112 65 173 68 205 255 53 162 7 
373 86 243 72 174 185 21 222 39 157 233 3 58 96 104 178 103 17 28 240 228 66 49 84 132 222 152 81 222 205 243 229 35 231 45 
374 210 160 66 176 199 223 154 202 25 250 50 204 97 67 232 81 39 42 131 124 174 97 20 0 63 226 243 36 5 218 81 215 122 148 
375 136 65 115 34 11 141 28 61 89 126 128 65 207 168 107 82 36 26 180 56 26 243 26 13 24 32 232 105 247 98 253 127 164 113 
376 161 175 254 190 237 87 60 109 152 11 21 3 94 57 29 18 114 55 5 140 69 29 172 45 135 164 143 132 35 51 245 197 227 243 
377 131 208 74 191 61 226 202 83 230 40 140 3 58 254 59 64 139 128 93 55 173 228 219 60 105 255 112 94 196 83 82 71 35 156 
378 6 96 127 208 179 101 249 64 104 51 62 163 115 201 35 209 1 208 181 220 13 30 219 125 125 159 208 207 230 243 107 236 83 234 
379 189 7 79 182 71 184 233 133 91 93 79 127 46 80 79 227 44 92 2 8 217 127 167 169 78 142 156 185 122 240 164 55 247 243 
380 237 62 171 215 195 7 52 18 134 98 98 213 69 143 50 71 151 11 198 62 181 20 204 81 206 71 65 114 126 56 101 108 118 17 
381 67 58 24 119 76 158 217 175 115 30 62 165 102 213 177 44 19 102 65 224 183 15 39 249 129 165 49 230 17 168 247 84 226 15 
382 203 46 173 164 221 33 195 27 198 41 240 119 85 4 221 150 228 149 165 11 142 38 176 191 13 194 103 4 22 73 20 226 120 193 
383 134 85 226 73 113 169 114 97 32 200 101 254 94 73 147 4 84 33 42 5 224 55 199 72 60 221 145 80 191 9 17 70 95 244 
384 143 208 157 2 49 189 202 151 187 40 224 78 44 53 111 87 58 80 142 1 152 202 222 41 26 158 51 44 228 146 32 115 98 189 
385 117 147 122 63 42 54 104 11 132 148 64 244 235 122 68 122 123 220 68 89 5 95 247 56 139 219 202 171 79 44 104 196 192 226 
386 4 234 24 108 245 157 0 53 145 236 175 213 102 42 177 170 132 182 9 123 239 148 87 185 63 166 230 167 106 166 138 110 144 162 
387 218 134 63 219 187 208 199 107 165 45 149 86 215 25 13 225 149 252 117 236 181 181 146 155 92 252 65 230 107 210 137 69 88 200 
388 32 19 153 231 126 62 20 20 149 236 45 162 205 194 158 66 174 83 247 64 239 84 61 48 58 168 2 195 237 90 140 14 110 37 
389 245 236 99 10 0 248 246 46 154 195 240 56 5 159 140 253 223 123 81 28 171 139 196 174 79 178 8 219 192 118 0 181 99 99 
390 191 99 92 181 145 246 120 130 47 126 33 187 123 0 54 204 29 225 87 225 143 166 147 152 129 83 14 129 9 113 229 200 213 65 
391 126 102 55 246 232 102 116 9 33 239 10 87 187 39 57 19 8 200 185 156 96 59 239 111 188 248 224 161 193 181 226 63 28 26 
392 53 4 128 170 14 162 153 24 249 85 63 50 104 71 251 33 227 91 92 211 202 25 203 171 186 140 96 157 203 124 183 1 129 55 
393 171 143 217 68 167 211 153 230 5 1 45 0 35 17 92 127 228 38 152 175 209 83 60 50 240 7 174 167 8 47 222 179 190 184 
394 248 101 139 145 75 144 147 121 145 182 138 237 53 110 19 206 29 229 33 89 23 17 97 197 184 105 245 150 29 179 78 21 25 217 
395 166 100 106 57 221 251 239 103 232 37 213 251 243 243 224 20 76 247 37 173 189 221 23 178 115 52 101 194 73 126 155 239 227 5 
396 41 192 0 24 40 232 61 253 228 48 240 196 68 61 188 105 234 121 70 1 43 186 53 144 124 126 15 23 110 242 29 151 178 29 
397 175 218 6 237 216 234 29 200 174 98 5 106 203 240 227 18 241 14 204 39 159 72 165 174 95 19 160 124 170 82 154 90 45 160 
398 71 5 138 100 205 56 198 211 163 146 195 134 164 180 149 112 219 52 184 129 226 23 148 130 148 63 212 46 153 1 206 224 6 88 
399 68 212 144 11 167 51 157 106 186 65 30 79 177 250 131 105 123 101 128 15 231 20 78 187 66 231 189 16 199 195 104 12 151 249 
400 23 62 44 180 168 230 245 199 53 166 193 184 15 60 29 143 75 4 164 154 192 230 129 125 247 73 64 95 85 216 88 108 22 133 
401 32 191 107 21 134 161 187 71 89 202 131 119 89 206 123 253 104 59 228 234 184 219 51 249 58 136 209 147 244 231 24 20 166 131 
402 41 44 36 228 115 126 174 246 245 7 197 112 5 45 172 233 23 100 196 74 93 254 210 46 145 198 22 169 218 188 45 3 233 81 
403 231 92 207 149 83 196 157 24 53 162 69 225 139 93 69 79 167 163 77 122 209 223 64 231 136 27 164 181 30 141 7 6 233 214 
404 155 60 155 56 84 208 218 154 177 101 247 246 180 158 153 2 24 107 225 89 82 105 116 246 31 146 131 38 152 109 252 52 169 151 
405 108 254 103 71 152 24 172 143 15 97 45 168 99 70 19 68 159 102 173 19 92 204 165 224 242 62 77 239 114 246 134 222 244 238 
406 37 140 6 210 27 21 51 73 190 150 143 209 218 46 55 135 65 148 84 230 116 70 36 193 53 150 183 188 117 172 170 154 56 176 
407 108 84 198 159 157 132 53 44 85 15 90 141 151 155 33 235 129 149 49 166 86 103 60 13 35 177 185 205 76 242 125 184 70 67 
408 88 227 199 141 15 29 157 105 170 52 4 203 31 133 96 80 43 182 183 104 195 218 25 125 167 101 111 37 30 181 104 118 152 48 
409 3 167 77 160 16 247 212 20 194 243 153 34 68 197 216 251 45 155 214 70 24 125 172 135 162 202 60 11 64 212 59 67 123 136 
410 228 139 127 184 159 65 172 57 99 240 254 59 235 43 214 193 113 239 63 29 118 225 231 179 236 39 135 39 107 3 175 79 142 46 
411 7 46 111 179 103 210 163 101 13 143 144 228 80 1 211 143 31 73 113 6 252 93 46 132 133 153 135 52 232 21 99 239 67 210 
412 163 170 165 70 15 178 213 159 150 38 161 105 181 192 179 38 198 175 132 244 51 9 141 186 61 117 208 160 101 19 115 8 190 24 
413 78 205 202 36 109 97 74 14 202 255 206 125 38 148 45 170 137 96 179 22 27 240 140 235 145 241 254 4 249 188 28 71 138 230 
414 107 247 71 181 5 18 181 211 143 219 103 188 133 240 29 56 7 56 40 147 35 185 132 33 189 125 222 217 196 104 192 48 95 7 
415 229 100 25 154 55 169 117 158 101 250 143 130 50 150 186 91 41 221 20 173 255 210 42 221 171 238 69 107 30 164 115 4 8 140 
416 158 63 53 20 221 155 14 108 29 65 2 216 156 43 181 176 216 180 130 2 145 46 241 214 153 15 122 12 19 130 153 178 193 206 
417 198 159 105 212 11 135 21 14 95 177 57 20 98 18 201 228 20 90 18 5 49 172 21 171 184 40 46 81 218 239 32 160 142 137 
418 117 154 16 138 168 111 60 225 132 158 243 77 130 8 167 149 13 216 65 34 132 249 75 178 75 37 161 107 198 48 244 59 202 5 
419 197 114 116 1 83 248 159 71 69 34 79 237 183 92 197 248 127 73 241 202 251 60 239 157 167 181 205 156 240 151 161 182 9 21 
420 183 92 14 87 163 83 121 242 64 48 79 6 40 206 79 25 152 75 86 135 232 253 61 181 153 45 76 58 227 85 80 155 177 94 
421 242 85 177 107 71 242 155 150 248 195 100 71 220 252 146 50 132 122 48 193 47 201 238 123 4 210 208 84 109 130 178 95 215 99 
422 202 30 85 101 181 77 40 25 149 4 22 39 55 154 162 103 91 209 48 73 77 52 27 29 136 136 159 58 231 118 158 177 149 243 
423 22 74 65 62 99 214 67 121 253 122 19 159 225 110 113 17 184 190 70 211 219 206 92 123 9 67 241 167 245 134 154 11 208 219 
424 74 52 177 141 173 175 7 193 78 232 47 191 249 231 125 63 187 89 14 23 212 23 90 197 190 79 76 88 91 28 52 165 80 229 
425 50 254 148 57 191 227 33 238 162 26 214 32 90 145 121 104 168 77 127 2 18 61 82 94 149 173 123 201 82 203 175 132 201 67 
426 189 136 38 222 119 201 248 77 233 82 222 98 186 134 175 57 136 193 118 218 32 12 135 155 213 217 102 132 93 48 200 26 184 238 
427 248 47 183 241 124 160 67 90 2 254 224 177 55 105 115 174 67 147 186 203 46 143 164 148 20 2 196 220 28 125 202 21 172 130 
428 6 41 34 73 131 37 71 100 214 127 205 73 45 16 220 231 219 10 118 128 159 138 130 99 102 158 224 49 179 141 179 185 182 213 
429 3 57 250 74 157 209 201 106 26 246 123 247 221 86 1 84 214 160 222 88 4 69 247 228 118 170 113 41 100 39 254 103 97 249 
430 177 254 202 123 105 228 113 228 219 79 58 221 163 17 125 129 105 129 198 96 102 60 11 215 101 111 255 100 214 96 93 135 94 39 
431 2 199 11 116 171 231 195 230 196 102 247 65 231 96 195 174 193 41 234 204 0 80 59 255 180 17 95 17 152 190 56 155 133 67 
432 15 49 42 210 23 238 56 14 48 31 110 243 205 47 28 184 251 28 8 54 28 188 71 123 205 224 57 5 123 191 72 138 240 115 
433 92 7 97 148 21 145 179 131 132 129 179 160 57 174 189 65 229 217 253 44 84 202 12 142 207 135 77 23 17 61 138 109 68 236 
434 1 89 125 181 220 2 54 143 162 111 62 95 176 35 56 173 79 141 119 92 27 70 227 104 93 245 165 232 98 233 212 100 66 81 
435 25 30 83 79 174 246 190 236 85 110 15 142 27 94 27 146 186 54 216 158 158 53 147 67 29 245 44 241 89 110 67 114 140 150 
436 193 58 140 127 38 226 237 53 112 8 148 139 154 78 193 114 236 95 168 127 162 197 117 206 183 206 60 250 65 200 144 2 3 29 
437 130 41 255 111 95 111 120 243 250 18 65 187 133 46 26 45 173 188 242 34 138 169 241 198 163 50 142 52 52 145 81 182 187 80 
438 38 26 191 158 13 185 176 78 116 53 124 142 98 42 74 85 76 212 254 61 154 162 111 40 214 164 186 39 90 117 119 128 143 54 
439 30 156 239 207 234 99 4 103 241 103 145 59 188 221 15 186 27 169 92 138 209 50 46 139 89 137 0 208 9 143 6 40 43 245 
440 247 22 88 251 125 73 98 14 132 30 235 147 217 6 60 53 145 14 104 191 153 193 72 154 146 82 41 152 122 85 142 113 107 230 
441 108 232 48 207 246 180 237 225 72 198 232 132 252 121 146 100 56 44 37 129 198 183 211 239 80 77 68 222 190 175 196 42 151 244 
442 249 141 169 231 111 241 173 87 117 169 208 8 13 8 52 51 137 250 234 92 233 58 169 46 24 103 221 221 146 117 209 139 2 122 
443 114 113 107 32 200 225 201 152 233 215 161 29 10 42 23 244 135 0 47 48 46 71 152 12 36 42 129 246 181 131 112 40 245 220 
444 72 189 189 17 86 166 232 247 195 242 33 218 231 168 218 22 217 9 93 113 21 130 155 150 120 80 25 232 120 14 196 192 204 129 
445 210 34 39 186 25 234 173 58 196 148 227 159 170 188 168 7 45 189 137 200 83 1 24 108 234 145 123 174 81 71 48 35 105 87 
446 222 130 66 139 188 6 31 159 165 201 91 77 208 136 10 90 80 93 91 105 202 69 250 69 244 75 140 36 111 245 123 77 119 189 
447 216 51 196 247 211 105 192 46 183 144 183 193 234 7 31 70 112 233 139 106 46 127 182 186 163 37 175 31 114 38 220 74 89 160 
448 65 44 10 1 91 193 145 18 130 124 25 161 194 138 138 77 244 184 205 170 114 112 207 33 143 65 71 108 139 161 12 204 205 22 
449 205 40 215 95 58 90 219 84 251 157 222 134 234 210 62 183 125 177 40 76 210 183 142 26 35 25 187 48 230 136 70 179 177 30 
450 18 235 120 237 63 115 138 29 249 117 240 56 44 109 233 84 185 187 12 71 213 47 97 144 95 71 25 166 250 202 196 13 181 60 
451 250 245 175 133 18 169 250 2 225 38 111 202 123 41 133 135 112 91 182 209 235 22 24 4 188 19 206 128 32 132 188 26 121 107 
452 159 139 20 153 142 245 192 253 191 59 38 69 194 151 160 120 104 139 142 129 144 74 148 94 202 180 226 134 206 91 242 110 231 6 
453 7 117 252 199 114 187 2 153 0 196 48 160 61 152 44 203 25 188 22 173 26 224 97 253 103 48 88 89 158 63 95 165 180 91 
454 109 39 23 111 192 23 52 240 184 113 136 228 60 162 160 82 79 186 51 177 183 154 225 16 243 127 79 82 36 4 174 145 43 197 
455 1 235 220 53 219 148 166 99 120 226 5 24 53 85 211 104 6 138 2 231 154 245 102 234 71 138 238 245 28 25 186 29 4 151 
456 82 223 43 248 66 164 218 72 188 15 157 143 119 163 26 121 138 180 110 240 158 182 122 140 171 150 165 102 179 169 253 5 136 40 
457 253 203 204 216 19 137 231 176 24 95 83 50 216 221 231 71 205 133 253 71 18 168 222 183 14 145 97 11 151 233 52 148 180 0 
458 108 199 137 84 119 162 179 202 212 139 167 187 210 116 65 207 188 83 120 154 10 134 43 107 146 194 85 198 87 9 198 195 209 80 
459 23 72 242 202 19 198 86 186 130 40 47 195 248 235 22 112 133 32 246 176 140 136 115 225 78 202 234 21 141 187 101 165 4 87 
460 111 23 29 197 209 159 238 0 98 230 235 120 86 112 153 76 33 37 213 148 6 35 94 240 56 235 172 157 144 176 244 0 199 18 
461 197 152 177 179 153 20 153 132 140 239 245 37 60 22 74 17 170 80 52 8 65 109 243 237 10 132 157 255 132 100 17 73 252 194 
462 253 149 214 150 26 99 134 15 136 194 37 211 211 207 35 7 215 100 116 202 81 127 78 238 126 210 82 143 28 79 81 25 228 40 
463 175 254 139 53 13 19 247 50 230 202 1 10 210 216 110 70 163 192 197 241 174 67 196 1 210 224 80 36 249 52 76 168 51 215 
464 222 64 234 213 115 209 160 116 219 114 77 73 184 240 9 126 225 184 193 165 185 148 133 9 184 126 61 4 39 112 219 5 177 197 
465 218 36 150 122 152 113 236 229 187 165 213 196 35 183 124 228 92 53 120 226 62 48 96 124 52 135 236 15 140 157 213 103 193 107 
466 225 90 221 206 63 152 115 21 92 150 204 217 122 40 14 243 10 77 35 107 201 88 242 181 103 127 83 60 230 20 168 199 110 133 
467 149 174 29 8 195 121 158 143 82 25 183 97 12 194 174 47 45 119 135 31 44 239 158 127 43 132 148 211 76 2 88 225 176 117 
468 234 115 239 136 2 65 161 186 162 173 124 80 221 169 199 100 200 244 83 103 115 127 235 7 82 55 10 171 25 186 32 3 46 15 
469 139 48 81 45 234 243 218 102 68 183 15 11 28 216 255 111 63 115 238 42 122 65 98 132 236 123 63 12 126 109 28 9 157 109 
470 54 136 96 17 238 164 200 254 176 228 214 175 84 21 34 66 63 157 131 161 33 111 28 96 124 154 205 152 164 107 5 218 243 101 
471 235 225 10 180 223 186 152 181 105 236 202 140 47 10 41 178 171 74 34 200 171 158 98 120 54 6 227 59 225 214 160 204 184 170 
472 128 151 100 25 77 206 5 23 90 52 33 131 231 205 205 9 149 120 167 247 241 221 254 212 24 223 171 184 171 99 99 44 250 199 
473 69 71 149 74 95 239 127 128 114 102 77 64 111 226 184 22 218 169 243 216 126 11 183 41 195 98 140 38 142 134 238 211 206 131 
474 30 45 115 157 173 229 3 251 37 114 221 222 136 183 135 123 143 5 134 70 46 73 169 186 112 55 65 94 11 15 225 41 60 84 
475 198 233 58 201 228 95 59 194 61 195 121 197 62 9 202 196 79 249 13 248 179 125 48 244 219 59 3 189 100 63 17 42 41 75 
476 243 13 171 46 207 232 241 73 173 47 82 120 243 161 113 0 154 36 126 202 25 89 5 28 22 105 92 40 147 133 115 134 146 30 
477 180 98 7 165 171 180 212 253 44 199 158 157 199 56 194 69 2 219 159 7 247 181 112 83 221 3 216 81 137 107 111 61 205 118 
478 226 120 43 182 117 87 125 19 245 69 76 183 138 78 146 41 86 137 223 198 221 188 202 181 13 83 32 125 145 237 243 115 101 30 
479 42 218 118 167 238 107 236 58 34 119 136 180 160 222 61 127 165 26 60 111 208 73 194 240 198 83 222 186 199 67 216 241 30 78 
480 152 12 185 133 70 219 252 206 143 156 173 205 28 82 231 88 193 183 161 131 168 104 215 134 34 158 201 250 143 231 73 39 243 2 
481 172 57 222 168 8 109 69 181 58 97 7 34 185 200 217 90 75 129 194 34 7 228 192 209 223 79 184 40 119 172 42 35 229 8 
482 204 237 118 17 162 176 114 169 210 43 113 172 133 189 45 72 223 53 44 160 6 11 239 190 51 102 106 94 138 80 102 86 61 220 
483 103 224 141 217 137 95 4 251 11 137 184 57 209 151 110 254 55 116 9 39 50 61 141 157 155 23 237 1 109 42 222 212 10 107 
484 173 148 202 177 143 214 59 71 15 12 222 125 10 22 241 20 61 35 81 202 192 236 226 173 237 79 216 203 36 226 54 209 118 1 
485 131 5 215 190 76 230 202 43 99 213 65 84 233 126 119 58 72 56 38 42 229 19 122 189 223 158 160 21 111 22 22 242 28 237 
486 176 104 211 123 147 54 80 212 138 57 82 2 115 155 58 153 197 31 172 63 221 139 221 125 161 77 147 183 63 175 165 240 24 120 
487 107 171 175 187 128 57 244 210 59 103 109 117 0 51 149 172 114 114 56 80 239 217 157 130 144 220 50 53 204 74 174 55 245 93 
488 242 117 150 230 72 210 77 181 71 77 232 220 250 91 78 50 171 61 11 72 192 155 36 242 209 241 60 127 40 49 220 27 167 114 
489 1 239 68 79 164 140 156 141 104 150 232 183 200 147 244 211 219 180 111 255 166 64 240 226 191 25 20 155 52 187 13 53 170 82 
490 132 78 222 33 219 70 183 195 253 128 86 242 83 49 166 194 49 77 2 33 47 193 58 67 92 110 254 106 164 168 188 40 247 154 
491 73 210 224 1 150 222 129 236 208 212 30 118 151 79 195 153 112 243 91 171 54 183 25 53 33 189 221 221 230 212 119 47 167 88 
492 48 61 54 177 41 6 134 71 124 29 150 64 182 7 51 17 178 105 201 203 158 234 137 124 200 111 80 63 158 247 151 207 52 205 
493 128 94 211 6 165 80 35 60 144 218 67 195 235 245 44 180 192 203 159 73 71 103 184 151 166 87 143 62 38 195 11 166 33 223 
494 173 199 47 208 3 191 170 70 130 150 59 174 74 251 121 233 69 192 80 253 88 247 84 231 53 122 170 64 33 204 31 206 147 78 
495 158 150 13 73 220 143 223 23 62 41 18 183 19 87 120 99 85 208 90 169 183 143 36 97 208 69 45 239 19 192 62 177 86 75 
496 250 50 219 217 73 25 3 92 208 22 179 72 121 8 24 212 178 207 99 214 49 51 27 94 35 46 31 97 223 117 172 218 168 135 
497 179 241 160 182 77 113 204 1 185 70 9 210 26 187 161 125 145 210 177 172 49 212 218 80 53 186 197 225 148 109 105 71 95 9 
498 254 172 122 202 173 52 16 183 6 42 114 167 168 4 122 89 176 171 45 139 251 98 69 192 67 217 46 172 32 141 182 30 57 48 
499 233 231 100 249 158 106 36 16 18 204 20 140 37 197 55 82 80 50 180 149 242 247 110 32 164 142 173 90 173 231 138 150 206 239 
500 143 108 89 179 124 107 127 145 247 164 86 46 246 166 96 170 59 83 162 169 115 70 55 33 160 228 8 42 122 214 25 10 66 115 
501 189 190 222 61 79 214 225 165 4 216 75 101 130 134 184 36 47 43 106 103 76 10 75 84 53 198 42 78 208 108 193 141 43 160 
502 202 122 118 172 32 122 132 107 223 6 242 151 43 33 195 149 136 15 160 212 100 213 154 142 35 106 251 229 247 38 133 194 160 251 
503 110 192 117 242 44 85 248 30 236 35 63 175 185 200 191 89 156 35 46 54 177 81 160 172 54 151 210 187 89 115 182 199 51 44 
504 185 95 129 178 125 109 213 189 29 142 133 220 231 33 255 21 87 176 103 247 93 157 142 47 89 232 162 15 175 214 59 105 53 188 
505 27 179 42 240 112 71 127 245 35 102 22 34 124 109 210 227 100 47 128 242 95 217 218 1 233 138 215 36 243 13 225 14 192 11 
506 254 48 82 125 37 117 228 59 151 96 168 105 67 12 153 195 254 248 157 217 249 134 99 209 170 86 222 139 100 158 150 98 206 232 
507 224 243 93 196 46 244 36 214 94 103 226 247 42 224 239 199 185 232 77 28 185 248 114 151 131 214 53 26 57 3 2 25 246 96 
508 221 36 84 1 250 178 104 220 169 146 189 152 90 118 129 167 147 58 159 5 210 35 220 7 61 21 11 63 46 1 159 11 38 244 
