1.7346053772766696e-08
0.04046562012142238
0.020223070251517778
0.0202425498699046
0.04046562012142238
0.020223070251517778
0.0202425498699046
0.04046562012142238
0.0
8.673026886383348e-09
8.673026886383348e-09
8.673026886383348e-09
0.0
8.673026886383348e-09
0.0
8.673026886383348e-09
1.87510841283608e-05
1.8742411101474414e-05
0.04052109280138769
0.04050235039028621
0.04050235039028621
1.8742411101474414e-05
1.8742411101474414e-05
8.673026886383348e-09
1.8742411101474414e-05
1.873373807458803e-05
1.873373807458803e-05
8.673026886383348e-09
1.8742411101474414e-05
1.873373807458803e-05
1.873373807458803e-05
8.673026886383348e-09
1.8742411101474414e-05
1.873373807458803e-05
0.04048360797918474
0.04046487424111015
0.04046487424111015
1.873373807458803e-05
1.873373807458803e-05
8.673026886383348e-09
1.8742411101474414e-05
1.873373807458803e-05
1.873373807458803e-05
8.673026886383348e-09
1.8742411101474414e-05
1.873373807458803e-05
1.873373807458803e-05
8.673026886383348e-09
7.545533391153513e-07
7.545533391153513e-07
8.673026886383348e-09
8.673026886383348e-09
7.545533391153513e-07
0.0
0.0
7.545533391153513e-07
7.458803122289679e-07
7.458803122289679e-07
0.0
0.0
0.0
0.0
0.0
0.0
0.0
7.458803122289679e-07
7.458803122289679e-07
7.458803122289679e-07
0.0
7.458803122289679e-07
0.0
7.458803122289679e-07
7.458803122289679e-07
0.0
0.0
0.0
0.0
0.0
0.0
0.0
0.0
0.0
0.0
0.0
8.673026886383348e-09
1.1795316565481353e-06
1.170858629661752e-06
8.078924544666088e-05
7.961838681699914e-05
0.0013535125758889852
0.0012738941890719862
0.021656201214223764
0.02038230702515178
0.02038230702515178
0.0012738941890719862
0.0012738941890719862
7.961838681699914e-05
0.0014331309627059843
0.0013535125758889852
0.024363226366001734
0.02300971379011275
0.02300971379011275
0.0013535125758889852
0.0013535125758889852
7.961838681699914e-05
0.0013535125758889852
0.0012738941890719862
0.021656201214223764
0.02038230702515178
0.02038230702515178
0.0012738941890719862
0.0012738941890719862
7.961838681699914e-05
0.0013535125758889852
0.0012738941890719862
0.021656201214223764
0.02038230702515178
0.02038230702515178
0.0012738941890719862
0.0012738941890719862
7.961838681699914e-05
7.961838681699914e-05
1.170858629661752e-06
1.170858629661752e-06
8.673026886383348e-09
1.170858629661752e-06
1.1621856027753686e-06
7.960971379011275e-05
7.844752818733738e-05
0.0013336079791847356
0.001255160450997398
0.02133772766695577
0.02008256721595837
0.02008256721595837
0.001255160450997398
0.001255160450997398
7.844752818733738e-05
0.001412055507372073
0.0013336079791847356
0.024004943625325237
0.022671335646140503
0.022671335646140503
0.0013336079791847356
0.0013336079791847356
7.844752818733738e-05
0.0013336079791847356
0.001255160450997398
0.02133772766695577
0.02008256721595837
0.02008256721595837
0.001255160450997398
0.001255160450997398
7.844752818733738e-05
0.0013336079791847356
0.001255160450997398
0.02133772766695577
0.02008256721595837
0.02008256721595837
0.001255160450997398
0.001255160450997398
7.844752818733738e-05
7.844752818733738e-05
1.1621856027753686e-06
1.1621856027753686e-06
8.673026886383348e-09
