5e-07
0.039936
0.019776
0.02016
0.039936
0.020032
0.019904
0.039936
0.0
5e-07
5e-07
5e-07
0.0
5e-07
0.0
5e-07
0.000145
0.0001445
0.041905
0.0417605
0.0417605
0.0001445
0.0001445
5e-07
0.0001445
0.000144
0.000144
5e-07
0.0001445
0.000144
0.000144
5e-07
0.0001445
0.000144
0.041616
0.041472
0.041472
0.000144
0.000144
5e-07
0.0001445
0.000144
0.000144
5e-07
0.0001445
0.000144
0.000144
5e-07
0.0
0.0
0.0
0.0
0.0
0.0
0.0
0.0
0.0
0.0
0.0
0.0
0.0
0.0
0.0
0.0
0.0
0.0
0.0
0.0
0.0
0.0
0.0
0.0
0.0
0.0
0.0
0.0
0.0
0.0
0.0
0.0
0.0
0.0
0.0
0.0
5e-07
9.5e-06
9e-06
9.45e-05
8.55e-05
0.0014535
0.001368
0.023256
0.021888
0.021888
0.001368
0.001368
8.55e-05
0.001539
0.0014535
0.026163
0.0247095
0.0247095
0.0014535
0.0014535
8.55e-05
0.0014535
0.001368
0.023256
0.021888
0.021888
0.001368
0.001368
8.55e-05
0.0014535
0.001368
0.023256
0.021888
0.021888
0.001368
0.001368
8.55e-05
8.55e-05
9e-06
9e-06
5e-07
6.5e-06
6.5e-06
7.7e-05
7.1e-05
0.001204
0.0011335
0.0192635
0.01813
0.01813
0.001133
0.001133
7.05e-05
0.001269
0.0011985
0.021573
0.0203745
0.0203745
0.0011985
0.0011985
7.05e-05
0.0011985
0.001128
0.019176
0.018048
0.018048
0.001128
0.001128
7.05e-05
0.0011985
0.001128
0.019176
0.018048
0.018048
0.001128
0.001128
7.05e-05
7.05e-05
6e-06
6e-06
0.0
