4.878048780487805e-08
0.04038829268292683
0.02017170731707317
0.02021658536585366
0.04038829268292683
0.020174439024390242
0.020213853658536587
0.04038829268292683
0.0
4.878048780487805e-08
4.878048780487805e-08
4.878048780487805e-08
0.0
4.878048780487805e-08
0.0
4.878048780487805e-08
4.458536585365854e-05
4.453658536585366e-05
0.040706439024390244
0.04066190243902439
0.04066190243902439
4.453658536585366e-05
4.453658536585366e-05
4.878048780487805e-08
4.453658536585366e-05
4.448780487804878e-05
4.448780487804878e-05
4.878048780487805e-08
4.453658536585366e-05
4.448780487804878e-05
4.448780487804878e-05
4.878048780487805e-08
4.453658536585366e-05
4.448780487804878e-05
0.040617365853658535
0.040572878048780486
0.040572878048780486
4.448780487804878e-05
4.448780487804878e-05
4.878048780487805e-08
4.453658536585366e-05
4.448780487804878e-05
4.448780487804878e-05
4.878048780487805e-08
4.453658536585366e-05
4.448780487804878e-05
4.448780487804878e-05
4.878048780487805e-08
0.0
0.0
0.0
0.0
0.0
0.0
0.0
0.0
0.0
0.0
0.0
0.0
0.0
0.0
0.0
0.0
0.0
0.0
0.0
0.0
0.0
0.0
0.0
0.0
0.0
0.0
0.0
0.0
0.0
0.0
0.0
0.0
0.0
0.0
0.0
0.0
4.878048780487805e-08
2.829268292682927e-06
2.780487804878049e-06
8.341463414634146e-05
8.063414634146342e-05
0.0013707804878048781
0.0012901463414634147
0.02193248780487805
0.020642341463414635
0.020642341463414635
0.0012901463414634147
0.0012901463414634147
8.063414634146342e-05
0.0014514146341463414
0.0013707804878048781
0.024674048780487803
0.02330326829268293
0.02330326829268293
0.0013707804878048781
0.0013707804878048781
8.063414634146342e-05
0.0013707804878048781
0.0012901463414634147
0.02193248780487805
0.020642341463414635
0.020642341463414635
0.0012901463414634147
0.0012901463414634147
8.063414634146342e-05
0.0013707804878048781
0.0012901463414634147
0.02193248780487805
0.020642341463414635
0.020642341463414635
0.0012901463414634147
0.0012901463414634147
8.063414634146342e-05
8.063414634146342e-05
2.780487804878049e-06
2.780487804878049e-06
4.878048780487805e-08
2.5365853658536586e-06
2.5365853658536586e-06
7.965853658536585e-05
7.717073170731707e-05
0.0013119024390243902
0.0012347317073170732
0.020990439024390243
0.01975570731707317
0.01975570731707317
0.0012347317073170732
0.0012347317073170732
7.717073170731707e-05
0.0013890731707317074
0.0013119024390243902
0.023614243902439023
0.022302341463414633
0.022302341463414633
0.0013119024390243902
0.0013119024390243902
7.717073170731707e-05
0.001311268292682927
0.0012341463414634146
0.020980048780487804
0.019745951219512194
0.019745951219512194
0.0012340975609756097
0.0012340975609756097
7.71219512195122e-05
0.0013110731707317073
0.0012339512195121952
0.020977170731707316
0.019743219512195122
0.019743219512195122
0.0012339512195121952
0.0012339512195121952
7.71219512195122e-05
7.71219512195122e-05
2.4878048780487805e-06
2.4878048780487805e-06
0.0
