1.567398119122257e-08
0.040471920062695926
0.020218307210031348
0.02025361285266458
0.040471920062695926
0.020218307210031348
0.02025361285266458
0.040471920062695926
0.0
7.836990595611285e-09
7.836990595611285e-09
7.836990595611285e-09
0.0
7.836990595611285e-09
0.0
7.836990595611285e-09
1.7821316614420063e-05
1.7813479623824452e-05
0.0405078526645768
0.040490039184952975
0.040490039184952975
1.7813479623824452e-05
1.7813479623824452e-05
7.836990595611285e-09
1.7813479623824452e-05
1.780564263322884e-05
1.780564263322884e-05
7.836990595611285e-09
1.7813479623824452e-05
1.780564263322884e-05
1.780564263322884e-05
7.836990595611285e-09
1.7813479623824452e-05
1.780564263322884e-05
0.04047222570532916
0.04045442006269592
0.04045442006269592
1.780564263322884e-05
1.780564263322884e-05
7.836990595611285e-09
1.7813479623824452e-05
1.780564263322884e-05
1.780564263322884e-05
7.836990595611285e-09
1.7813479623824452e-05
1.780564263322884e-05
1.780564263322884e-05
7.836990595611285e-09
1.750783699059561e-05
1.750783699059561e-05
7.836990595611285e-09
7.836990595611285e-09
1.75e-05
0.0
0.0
1.75e-05
1.75e-05
1.75e-05
0.0
0.0
0.0
0.0
0.0
0.0
0.0
1.75e-05
1.75e-05
1.75e-05
0.0
1.75e-05
0.0
1.75e-05
1.75e-05
0.0
0.0
0.0
0.0
0.0
0.0
0.0
0.0
0.0
0.0
0.0
7.836990595611285e-09
1.1206896551724137e-06
1.1128526645768025e-06
8.068181818181818e-05
7.956896551724137e-05
0.0013526724137931034
0.001273103448275862
0.021642758620689654
0.020369655172413792
0.020369655172413792
0.001273103448275862
0.001273103448275862
7.956896551724137e-05
0.0014322413793103447
0.0013526724137931034
0.024348103448275864
0.022995431034482757
0.022995431034482757
0.0013526724137931034
0.0013526724137931034
7.956896551724137e-05
0.0013526724137931034
0.001273103448275862
0.021642758620689654
0.020369655172413792
0.020369655172413792
0.001273103448275862
0.001273103448275862
7.956896551724137e-05
0.0013526724137931034
0.001273103448275862
0.021642758620689654
0.020369655172413792
0.020369655172413792
0.001273103448275862
0.001273103448275862
7.956896551724137e-05
7.956896551724137e-05
1.1128526645768025e-06
1.1128526645768025e-06
7.836990595611285e-09
1.1128526645768025e-06
1.1050156739811913e-06
7.956112852664577e-05
7.845611285266457e-05
0.0013337539184952979
0.0012552978056426332
0.021340062695924766
0.02008476489028213
0.02008476489028213
0.0012552978056426332
0.0012552978056426332
7.845611285266457e-05
0.0014122100313479623
0.0013337539184952979
0.02400757053291536
0.022673816614420063
0.022673816614420063
0.0013337539184952979
0.0013337539184952979
7.845611285266457e-05
0.0013337539184952979
0.0012552978056426332
0.021340062695924766
0.02008476489028213
0.02008476489028213
0.0012552978056426332
0.0012552978056426332
7.845611285266457e-05
0.0013337539184952979
0.0012552978056426332
0.021340062695924766
0.02008476489028213
0.02008476489028213
0.0012552978056426332
0.0012552978056426332
7.845611285266457e-05
7.845611285266457e-05
1.1050156739811913e-06
1.1050156739811913e-06
7.836990595611285e-09
