6.756756756756756e-07
5.067567567567567e-05
5e-05
0.001925
0.001875
0.0475
0.045625
0.045625
0.001875
0.001875
5e-05
0.001875
0.001825
0.045625
0.0438
0.0438
0.001825
0.001825
5e-05
5e-05
6.756756756756756e-07
6.756756756756756e-07
2.027027027027027e-06
1.3513513513513513e-06
0.0
6.756756756756756e-07
6.756756756756756e-07
0.0
0.0
0.0
1.3513513513513513e-06
6.756756756756756e-07
6.756756756756756e-07
0.0
6.756756756756756e-07
0.0
0.0
0.0
6.756756756756756e-07
6.756756756756756e-07
0.0
6.756756756756756e-07
0.0
6.756756756756756e-07
6.756756756756756e-07
6.756756756756756e-07
6.756756756756756e-07
6.756756756756756e-07
0.0
6.756756756756756e-07
0.0
6.756756756756756e-07
6.756756756756756e-07
6.756756756756756e-07
0.0
6.756756756756756e-07
6.756756756756756e-07
0.0
0.0
0.0
0.0
0.0
0.0
0.0
0.0
0.0
0.0
0.0
0.0
0.0
0.0
0.0
0.0
0.0
0.0
0.0
0.0
0.0
0.0
0.0
0.0
0.0
0.0
0.0
0.0
0.0
0.0
0.0
0.0
0.0
0.0
0.0
0.0
0.0
0.0
0.0
0.0
0.0
0.0
0.0
0.0
0.0
0.0
0.0
0.0
0.0
0.0
0.0
0.0
0.0
0.0
0.0
0.0
0.0
0.0
0.0
0.0
0.0
0.0
0.0
0.0
0.0
0.0
0.0
0.0
0.0
0.0
0.0
0.0
0.0
0.0
0.0
0.0
0.0
0.0
0.0
0.0
0.0
6.756756756756756e-07
5.067567567567567e-05
5e-05
0.00375
0.0037
0.096825
0.04745
0.049375
0.096825
0.093125
0.001875
0.09125
0.093125
0.093125
0.0037
0.0037
5e-05
5e-05
6.756756756756756e-07
3.986486486486487e-05
3.986486486486487e-05
0.0029824324324324324
0.002943243243243243
0.0
0.002943243243243243
0.002943243243243243
3.918918918918919e-05
3.918918918918919e-05
0.0
6.756756756756756e-07
6.756756756756756e-07
5.067567567567567e-05
5e-05
0.00375
0.0037
0.0037
5e-05
5e-05
6.756756756756756e-07
6.756756756756756e-07
5.067567567567567e-05
5e-05
5e-05
6.756756756756756e-07
0.0
6.756756756756756e-07
5.067567567567567e-05
5e-05
0.00375
0.0037
0.0037
5e-05
5e-05
6.756756756756756e-07
6.756756756756756e-07
