0.0
1.8518518518518518e-05
1.8518518518518518e-05
0.0
1.8518518518518518e-05
0.0
1.8518518518518518e-05
0.009703703703703704
0.009685185185185186
0.009685185185185186
1.8518518518518518e-05
0.058277777777777776
0.05825925925925926
0.05825925925925926
1.8518518518518518e-05
1.8518518518518518e-05
1.8518518518518518e-05
0.009703703703703704
0.009685185185185186
0.009685185185185186
1.8518518518518518e-05
0.00011111111111111112
0.058222222222222224
0.05811111111111111
0.009685185185185186
0.06794444444444445
0.05825925925925926
0.018425925925925925
0.05825925925925926
0.05825925925925926
0.009685185185185186
0.05811111111111111
0.05811111111111111
0.00011111111111111112
0.058222222222222224
0.05811111111111111
0.009666666666666667
0.05811111111111111
0.05811111111111111
0.00011111111111111112
0.00011111111111111112
1.8518518518518518e-05
0.0037222222222222223
0.003703703703703704
0.003703703703703704
0.0
0.0
