0.0
4.975124378109453e-06
4.975124378109453e-06
0.0
4.975124378109453e-06
0.0
4.975124378109453e-06
0.008880597014925374
0.008875621890547263
0.008875621890547263
4.975124378109453e-06
0.05298009950248756
0.05297512437810945
0.05297512437810945
4.975124378109453e-06
4.975124378109453e-06
4.975124378109453e-06
0.008880597014925374
0.008875621890547263
0.008875621890547263
4.975124378109453e-06
3.482587064676617e-05
0.062164179104477614
0.06212935323383085
0.008875621890547263
0.06185074626865671
0.05297512437810945
0.016955223880597014
0.05297512437810945
0.05297512437810945
0.008875621890547263
0.06212935323383085
0.06212935323383085
3.482587064676617e-05
0.062164179104477614
0.06212935323383085
0.008870646766169154
0.06212935323383085
0.06212935323383085
3.482587064676617e-05
3.482587064676617e-05
4.975124378109453e-06
0.00872139303482587
0.00872139303482587
0.008716417910447761
0.0
0.0
