1 14 1
14 28 1
28 50 1
50 54 1182
50 70 1
54 66 1182
66 50 1182
70 81 1
81 85 1182
81 110 1
85 87 1182
87 91 1224552
87 105 1182
91 101 1224552
101 87 1224552
105 106 1182
106 81 1182
110 112 1
112 116 1036
112 133 1
116 129 1036
129 112 1036
133 135 1
135 139 1182
135 166 1
139 141 1182
141 145 1224552
141 160 1182
145 156 1224552
156 141 1224552
160 162 1182
162 135 1182
166 212 1
173 183 1
183 1 1
212 217 1179
217 225 1179
225 229 1221399
225 307 1178
229 238 1220220
229 259 1179
238 247 1220219
247 256 1220219
256 259 1220219
259 264 1220220
259 285 1178
264 273 1220220
273 282 1220220
282 285 1220220
285 303 1221398
303 225 1221398
307 308 1178
308 212 1178
