4.807692307692308e-08
4.807692307692308e-08
0.0
4.807692307692308e-08
5.6875e-05
5.682692307692308e-05
5.682692307692308e-05
4.807692307692308e-08
5.6875e-05
5.682692307692308e-05
0.05892951923076923
0.058872692307692306
0.058872692307692306
5.682692307692308e-05
5.682692307692308e-05
4.807692307692308e-08
4.9855769230769234e-05
4.9807692307692306e-05
4.9807692307692306e-05
4.807692307692308e-08
5.6875e-05
5.682692307692308e-05
0.05892951923076923
0.058872692307692306
0.058872692307692306
5.682692307692308e-05
5.682692307692308e-05
4.807692307692308e-08
0.0
4.807692307692308e-08
4.807692307692308e-08
5.668269230769231e-05
5.668269230769231e-05
0.05877774038461538
0.05872110576923077
0.058664375
0.058664375
0.0
0.058664375
0.05872105769230769
0.05866442307692308
0.05866442307692308
0.0
0.05866442307692308
0.05872105769230769
0.05872105769230769
5.6634615384615384e-05
5.6634615384615384e-05
0.0
0.0
0.0
0.0
0.0
0.0
0.0
0.0
0.0
0.0
0.0
0.0
0.0
0.0
0.0
0.0
0.0
