1.321003963011889e-09
1.321003963011889e-09
1.321003963011889e-09
0.0
0.0
0.0
1.321003963011889e-09
1.321003963011889e-09
0.0
1.321003963011889e-09
0.0
0.0
1.321003963011889e-09
0.0
0.0
0.0
1.321003963011889e-09
1.321003963011889e-09
1.321003963011889e-09
0.0
0.0
1.321003963011889e-09
5.284015852047556e-08
5.151915455746367e-08
1.6486129458388375e-06
1.597093791281374e-06
6.867503302509907e-05
6.70779392338177e-05
0.0002683117569352708
0.00020123381770145311
0.0008049352708058125
0.0006037014531043593
0.002414805812417437
0.001811104359313078
0.0017967305151915455
0.0017823566710700133
0.0017631915455746368
0.0017440264200792603
0.001729120211360634
0.0017142140026420079
0.0
0.0017142140026420079
6.70779392338177e-05
0.0016471360634081902
0.0017142140026420079
0.0017142140026420079
0.001811104359313078
0.001811104359313078
0.0006037014531043593
0.0006037014531043593
0.00020123381770145311
0.00020123381770145311
6.70779392338177e-05
6.70779392338177e-05
1.597093791281374e-06
1.597093791281374e-06
5.151915455746367e-08
5.151915455746367e-08
1.321003963011889e-09
0.0
1.321003963011889e-09
0.0
1.321003963011889e-09
0.0
1.321003963011889e-09
1.321003963011889e-09
1.321003963011889e-09
0.0
0.0
0.0
0.0
0.0
0.0
0.0
0.0
0.0
0.0
0.0
0.0
0.0
0.0
0.0
0.0
0.0
0.0
0.0
0.0
0.0
0.0
0.0
0.0
0.0
0.0
0.0
0.0
0.0
0.0
0.0
0.0
0.0
0.0
0.0
0.0
0.0
0.0
0.0
0.0
0.0
0.0
0.0
0.0
0.0
0.0
0.0
0.0
0.0
0.0
0.0
0.0
0.0
0.0
0.0
0.0
1.321003963011889e-09
1.321003963011889e-09
0.0
0.0
0.0
0.0
0.0
0.0
0.0
0.0
0.0
0.0
0.0
0.0
0.0
0.0
0.0
0.0
0.0
0.0
0.0
0.0
0.0
0.0
1.321003963011889e-09
0.0
1.321003963011889e-09
0.0
1.321003963011889e-09
1.321003963011889e-09
1.321003963011889e-09
1.9682959048877146e-07
1.9682959048877146e-07
1.9682959048877146e-07
1.321003963011889e-09
1.9550858652575958e-07
1.9682959048877146e-07
1.9682959048877146e-07
1.8494055482166445e-07
1.321003963011889e-08
1.9682959048877146e-07
1.9550858652575958e-07
0.0
0.0
0.0
0.0
0.0
0.0
0.0
1.321003963011889e-09
1.321003963011889e-09
1.97225891677675e-06
5.904887714663144e-07
5.904887714663144e-07
0.02998442932628798
0.029983838837516513
0.029983838837516513
5.904887714663144e-07
0.0
0.0
0.0
0.0
0.0
0.0
0.0
0.0
0.0
0.0
0.0
0.0
5.904887714663144e-07
1.9815059445178336e-07
0.010056147952443858
0.010055951122853369
0.26705387582562745
0.2569979260237781
0.2569979260237781
0.010055949801849406
0.010055949801849406
1.9682959048877146e-07
1.321003963011889e-09
1.321003963011889e-09
3.9233817701453104e-07
1.9682959048877146e-07
0.009994809775429327
0.009994612945838838
0.009994612945838838
1.9682959048877146e-07
1.9550858652575958e-07
0.009927730515191545
0.00992753500660502
0.00992753500660502
1.9550858652575958e-07
3.9233817701453104e-07
