2.915451895043732e-09
2.915451895043732e-09
2.915451895043732e-09
0.0
0.0
0.0
2.915451895043732e-09
2.915451895043732e-09
0.0
2.915451895043732e-09
0.0
0.0
2.915451895043732e-09
0.0
0.0
0.0
2.915451895043732e-09
2.915451895043732e-09
2.915451895043732e-09
0.0
0.0
2.915451895043732e-09
9.037900874635569e-08
8.746355685131196e-08
3.3236151603498544e-06
3.2361516034985423e-06
7.119533527696793e-05
6.795918367346938e-05
0.00027183673469387753
0.00020387755102040816
0.0008155102040816326
0.0006116326530612245
0.002446530612244898
0.0018348979591836735
0.0018057725947521865
0.0017766472303206997
0.0017606413994169096
0.0017446355685131196
0.0017252507288629737
0.001705865889212828
0.0
0.001705865889212828
6.795918367346938e-05
0.0016379067055393587
0.001705865889212828
0.001705865889212828
0.0018348979591836735
0.0018348979591836735
0.0006116326530612245
0.0006116326530612245
0.00020387755102040816
0.00020387755102040816
6.795918367346938e-05
6.795918367346938e-05
3.2361516034985423e-06
3.2361516034985423e-06
8.746355685131196e-08
8.746355685131196e-08
2.915451895043732e-09
0.0
2.915451895043732e-09
0.0
2.915451895043732e-09
0.0
2.915451895043732e-09
2.915451895043732e-09
2.915451895043732e-09
0.0
0.0
0.0
0.0
0.0
0.0
0.0
0.0
0.0
0.0
0.0
0.0
0.0
0.0
0.0
0.0
0.0
0.0
0.0
0.0
0.0
0.0
0.0
0.0
0.0
0.0
0.0
0.0
0.0
0.0
0.0
0.0
0.0
0.0
0.0
0.0
0.0
0.0
0.0
0.0
0.0
0.0
0.0
0.0
0.0
0.0
0.0
0.0
0.0
0.0
0.0
0.0
0.0
0.0
0.0
0.0
2.915451895043732e-09
2.915451895043732e-09
0.0
0.0
0.0
0.0
0.0
0.0
0.0
0.0
0.0
0.0
0.0
0.0
0.0
0.0
0.0
0.0
0.0
0.0
0.0
0.0
0.0
0.0
2.915451895043732e-09
0.0
2.915451895043732e-09
0.0
2.915451895043732e-09
2.915451895043732e-09
2.915451895043732e-09
4.3440233236151606e-07
4.3440233236151606e-07
4.3440233236151606e-07
2.915451895043732e-09
4.314868804664723e-07
4.3440233236151606e-07
4.3440233236151606e-07
4.0816326530612243e-07
2.9154518950437317e-08
4.3440233236151606e-07
4.314868804664723e-07
0.0
0.0
0.0
0.0
0.0
0.0
0.0
2.915451895043732e-09
2.915451895043732e-09
4.364431486880466e-06
1.3090379008746356e-06
1.3090379008746356e-06
0.030500997084548107
0.03049968804664723
0.03049968804664723
1.306122448979592e-06
0.0
0.0
0.0
0.0
0.0
0.0
0.0
0.0
0.0
0.0
0.0
0.0
1.306122448979592e-06
4.373177842565598e-07
0.010194314868804665
0.010193877551020409
0.2660737609329446
0.2558798833819242
0.2558798833819242
0.010193877551020409
0.010193877551020409
4.373177842565598e-07
2.915451895043732e-09
2.915451895043732e-09
8.688046647230321e-07
4.3440233236151606e-07
0.010126352769679301
0.010125918367346939
0.010125918367346939
4.3440233236151606e-07
4.3440233236151606e-07
0.010126352769679301
0.010125918367346939
0.010125918367346939
4.3440233236151606e-07
8.688046647230321e-07
