3.134796238244514e-09
3.134796238244514e-09
3.134796238244514e-09
0.0
0.0
0.0
3.134796238244514e-09
3.134796238244514e-09
0.0
3.134796238244514e-09
0.0
0.0
3.134796238244514e-09
0.0
0.0
0.0
3.134796238244514e-09
3.134796238244514e-09
3.134796238244514e-09
0.0
0.0
3.134796238244514e-09
1.0031347962382445e-07
9.717868338557993e-08
1.6520376175548589e-06
1.554858934169279e-06
6.996865203761755e-05
6.841379310344828e-05
0.00027365517241379313
0.00020524137931034482
0.0008209655172413793
0.0006157241379310344
0.0024628965517241377
0.0018471724137931035
0.0018331786833855799
0.0018191849529780564
0.0017812852664576802
0.001743385579937304
0.0017246394984326019
0.0017058934169278997
0.0
0.0017058934169278997
6.841379310344828e-05
0.0016374796238244514
0.0017058934169278997
0.0017058934169278997
0.0018471724137931035
0.0018471724137931035
0.0006157241379310344
0.0006157241379310344
0.00020524137931034482
0.00020524137931034482
6.841379310344828e-05
6.841379310344828e-05
1.554858934169279e-06
1.554858934169279e-06
9.717868338557993e-08
9.717868338557993e-08
3.134796238244514e-09
0.0
3.134796238244514e-09
0.0
3.134796238244514e-09
0.0
3.134796238244514e-09
3.134796238244514e-09
3.134796238244514e-09
0.0
0.0
0.0
0.0
0.0
0.0
0.0
0.0
0.0
0.0
0.0
0.0
0.0
0.0
0.0
0.0
0.0
0.0
0.0
0.0
0.0
0.0
0.0
0.0
0.0
0.0
0.0
0.0
0.0
0.0
0.0
0.0
0.0
0.0
0.0
0.0
0.0
0.0
0.0
0.0
0.0
0.0
0.0
0.0
0.0
0.0
0.0
0.0
0.0
0.0
0.0
0.0
0.0
0.0
0.0
0.0
3.134796238244514e-09
3.134796238244514e-09
0.0
0.0
0.0
0.0
0.0
0.0
0.0
0.0
0.0
0.0
0.0
0.0
0.0
0.0
0.0
0.0
0.0
0.0
0.0
0.0
0.0
0.0
3.134796238244514e-09
0.0
3.134796238244514e-09
0.0
3.134796238244514e-09
3.134796238244514e-09
3.134796238244514e-09
4.670846394984326e-07
4.670846394984326e-07
4.670846394984326e-07
3.134796238244514e-09
4.6394984326018807e-07
4.670846394984326e-07
4.670846394984326e-07
4.38871473354232e-07
3.134796238244514e-08
4.670846394984326e-07
4.6394984326018807e-07
0.0
0.0
0.0
0.0
0.0
0.0
0.0
3.134796238244514e-09
3.134796238244514e-09
4.6802507836990594e-06
1.4012539184952978e-06
1.4012539184952978e-06
0.030582366771159875
0.03058096551724138
0.03058096551724138
1.4012539184952978e-06
0.0
0.0
0.0
0.0
0.0
0.0
0.0
0.0
0.0
0.0
0.0
0.0
1.4012539184952978e-06
4.702194357366771e-07
0.010250084639498433
0.010249617554858934
0.26583471786833857
0.25558510344827584
0.25558510031347964
0.010249614420062695
0.010249614420062695
4.670846394984326e-07
3.134796238244514e-09
3.134796238244514e-09
9.310344827586207e-07
4.670846394984326e-07
0.010194122257053292
0.010193655172413793
0.010193655172413793
4.670846394984326e-07
4.6394984326018807e-07
0.010125705329153606
0.010125241379310345
0.010125241379310345
4.6394984326018807e-07
9.310344827586207e-07
