2.3419203747072598e-09
2.3419203747072598e-09
2.3419203747072598e-09
0.0
0.0
0.0
2.3419203747072598e-09
2.3419203747072598e-09
0.0
2.3419203747072598e-09
0.0
0.0
2.3419203747072598e-09
0.0
0.0
0.0
2.3419203747072598e-09
2.3419203747072598e-09
2.3419203747072598e-09
0.0
0.0
2.3419203747072598e-09
8.196721311475409e-08
7.962529274004684e-08
2.0702576112412176e-06
1.990632318501171e-06
6.967213114754098e-05
6.76814988290398e-05
0.0002707259953161592
0.00020304449648711945
0.0008121779859484778
0.0006091334894613584
0.0024365339578454335
0.0018274004683840749
0.0018094847775175643
0.001791569086651054
0.0017676814988290398
0.0017437939110070257
0.0017266978922716627
0.0017096018735362998
0.0
0.0017096018735362998
6.76814988290398e-05
0.0016419203747072598
0.0017096018735362998
0.0017096018735362998
0.0018274004683840749
0.0018274004683840749
0.0006091334894613584
0.0006091334894613584
0.00020304449648711945
0.00020304449648711945
6.76814988290398e-05
6.76814988290398e-05
1.990632318501171e-06
1.990632318501171e-06
7.962529274004684e-08
7.962529274004684e-08
2.3419203747072598e-09
0.0
2.3419203747072598e-09
0.0
2.3419203747072598e-09
0.0
2.3419203747072598e-09
2.3419203747072598e-09
2.3419203747072598e-09
0.0
0.0
0.0
0.0
0.0
0.0
0.0
0.0
0.0
0.0
0.0
0.0
0.0
0.0
0.0
0.0
0.0
0.0
0.0
0.0
0.0
0.0
0.0
0.0
0.0
0.0
0.0
0.0
0.0
0.0
0.0
0.0
0.0
0.0
0.0
0.0
0.0
0.0
0.0
0.0
0.0
0.0
0.0
0.0
0.0
0.0
0.0
0.0
0.0
0.0
0.0
0.0
0.0
0.0
0.0
0.0
2.3419203747072598e-09
2.3419203747072598e-09
0.0
0.0
0.0
0.0
0.0
0.0
0.0
0.0
0.0
0.0
0.0
0.0
0.0
0.0
0.0
0.0
0.0
0.0
0.0
0.0
0.0
0.0
2.3419203747072598e-09
0.0
2.3419203747072598e-09
0.0
2.3419203747072598e-09
2.3419203747072598e-09
2.3419203747072598e-09
3.4894613583138176e-07
3.4894613583138176e-07
3.4894613583138176e-07
2.3419203747072598e-09
3.4660421545667446e-07
3.4894613583138176e-07
3.4894613583138176e-07
3.2786885245901637e-07
2.34192037470726e-08
3.4894613583138176e-07
3.4660421545667446e-07
0.0
0.0
0.0
0.0
0.0
0.0
0.0
2.3419203747072598e-09
2.3419203747072598e-09
3.496487119437939e-06
1.0468384074941452e-06
1.0468384074941452e-06
0.03025467681498829
0.030253629976580796
0.030253629976580796
1.0468384074941452e-06
0.0
0.0
0.0
0.0
0.0
0.0
0.0
0.0
0.0
0.0
0.0
0.0
1.0468384074941452e-06
3.51288056206089e-07
0.010148693208430913
0.010148344262295082
0.2665050843091335
0.2563567423887588
0.2563567423887588
0.010148341920374707
0.010148341920374707
3.4894613583138176e-07
2.3419203747072598e-09
2.3419203747072598e-09
6.955503512880562e-07
3.4894613583138176e-07
0.010084892271662763
0.010084543325526931
0.010084543325526931
3.4894613583138176e-07
3.4660421545667446e-07
0.01001720843091335
0.010016861826697893
0.010016861826697893
3.4660421545667446e-07
6.955503512880562e-07
