8.333333333333334e-09
8.333333333333334e-09
8.333333333333334e-09
0.0
0.0
0.0
8.333333333333334e-09
8.333333333333334e-09
0.0
8.333333333333334e-09
0.0
0.0
8.333333333333334e-09
0.0
0.0
0.0
8.333333333333334e-09
8.333333333333334e-09
8.333333333333334e-09
0.0
0.0
8.333333333333334e-09
1.4166666666666668e-07
1.3333333333333334e-07
1.7333333333333334e-06
1.6e-06
7.2e-05
7.04e-05
0.0002816
0.0002112
0.0008448
0.0006336
0.0025344
0.0019008
0.0018864
0.001872
0.00182
0.001768
0.0017311666666666667
0.0016943333333333333
0.0
0.0016943333333333333
7.04e-05
0.0016239333333333333
0.0016943333333333333
0.0016943333333333333
0.0019008
0.0019008
0.0006336
0.0006336
0.0002112
0.0002112
7.04e-05
7.04e-05
1.6e-06
1.6e-06
1.3333333333333334e-07
1.3333333333333334e-07
8.333333333333334e-09
0.0
8.333333333333334e-09
0.0
8.333333333333334e-09
0.0
8.333333333333334e-09
8.333333333333334e-09
8.333333333333334e-09
0.0
0.0
0.0
0.0
0.0
0.0
0.0
0.0
0.0
0.0
0.0
0.0
0.0
0.0
0.0
0.0
0.0
0.0
0.0
0.0
0.0
0.0
0.0
0.0
0.0
0.0
0.0
0.0
0.0
0.0
0.0
0.0
0.0
0.0
0.0
0.0
0.0
0.0
0.0
0.0
0.0
0.0
0.0
0.0
0.0
0.0
0.0
0.0
0.0
0.0
0.0
0.0
0.0
0.0
0.0
0.0
8.333333333333334e-09
8.333333333333334e-09
0.0
0.0
0.0
0.0
0.0
0.0
0.0
0.0
0.0
0.0
0.0
0.0
0.0
0.0
0.0
0.0
0.0
0.0
0.0
0.0
0.0
0.0
8.333333333333334e-09
0.0
8.333333333333334e-09
0.0
8.333333333333334e-09
8.333333333333334e-09
8.333333333333334e-09
1.2416666666666667e-06
1.2416666666666667e-06
1.2416666666666667e-06
8.333333333333334e-09
1.2333333333333333e-06
1.2416666666666667e-06
1.2416666666666667e-06
1.1666666666666666e-06
8.333333333333334e-08
1.2416666666666667e-06
1.2333333333333333e-06
0.0
0.0
0.0
0.0
0.0
0.0
0.0
8.333333333333334e-09
8.333333333333334e-09
1.2441666666666666e-05
3.725e-06
3.725e-06
0.031472525
0.0314688
0.0314688
3.725e-06
0.0
0.0
0.0
0.0
0.0
0.0
0.0
0.0
0.0
0.0
0.0
0.0
3.725e-06
1.25e-06
0.01053275
0.010531508333333333
0.26400283333333335
0.2534713333333333
0.253471325
0.0105315
0.0105315
1.2416666666666667e-06
8.333333333333334e-09
8.333333333333334e-09
2.475e-06
1.2416666666666667e-06
0.010490841666666667
0.0104896
0.0104896
1.2416666666666667e-06
1.2333333333333333e-06
0.010420433333333333
0.0104192
0.0104192
1.2333333333333333e-06
2.475e-06
