9.900990099009902e-09
9.900990099009902e-09
9.900990099009902e-09
0.0
0.0
0.0
9.900990099009902e-09
9.900990099009902e-09
0.0
9.900990099009902e-09
0.0
0.0
9.900990099009902e-09
0.0
0.0
0.0
9.900990099009902e-09
9.900990099009902e-09
9.900990099009902e-09
0.0
0.0
9.900990099009902e-09
6.93069306930693e-08
5.940594059405941e-08
1.5445544554455445e-06
1.4851485148514852e-06
7.425742574257426e-05
7.277227722772277e-05
0.00029108910891089107
0.00021831683168316833
0.0008732673267326733
0.0006549504950495049
0.0026198019801980197
0.0019648514851485148
0.0019514851485148514
0.001938118811881188
0.0019122772277227723
0.0018864356435643564
0.0017816336633663366
0.0016768316831683168
0.0
0.0016768316831683168
7.277227722772277e-05
0.001604059405940594
0.0016768316831683168
0.0016768316831683168
0.0019648514851485148
0.0019648514851485148
0.0006549504950495049
0.0006549504950495049
0.00021831683168316833
0.00021831683168316833
7.277227722772277e-05
7.277227722772277e-05
1.4851485148514852e-06
1.4851485148514852e-06
5.940594059405941e-08
5.940594059405941e-08
9.900990099009902e-09
0.0
9.900990099009902e-09
0.0
9.900990099009902e-09
0.0
9.900990099009902e-09
9.900990099009902e-09
9.900990099009902e-09
0.0
0.0
0.0
0.0
0.0
0.0
0.0
0.0
0.0
0.0
0.0
0.0
0.0
0.0
0.0
0.0
0.0
0.0
0.0
0.0
0.0
0.0
0.0
0.0
0.0
0.0
0.0
0.0
0.0
0.0
0.0
0.0
0.0
0.0
0.0
0.0
0.0
0.0
0.0
0.0
0.0
0.0
0.0
0.0
0.0
0.0
0.0
0.0
0.0
0.0
0.0
0.0
0.0
0.0
0.0
0.0
9.900990099009902e-09
9.900990099009902e-09
0.0
0.0
0.0
0.0
0.0
0.0
0.0
0.0
0.0
0.0
0.0
0.0
0.0
0.0
0.0
0.0
0.0
0.0
0.0
0.0
0.0
0.0
9.900990099009902e-09
0.0
9.900990099009902e-09
0.0
9.900990099009902e-09
9.900990099009902e-09
9.900990099009902e-09
1.4752475247524752e-06
1.4752475247524752e-06
1.4752475247524752e-06
9.900990099009902e-09
1.4653465346534654e-06
1.4752475247524752e-06
1.4752475247524752e-06
1.386138613861386e-06
9.900990099009901e-08
1.4752475247524752e-06
1.4653465346534654e-06
0.0
0.0
0.0
0.0
0.0
0.0
0.0
9.900990099009902e-09
9.900990099009902e-09
1.4782178217821782e-05
4.4257425742574255e-06
4.4257425742574255e-06
0.03253363366336633
0.03252920792079208
0.03252920792079208
4.4257425742574255e-06
0.0
0.0
0.0
0.0
0.0
0.0
0.0
0.0
0.0
0.0
0.0
0.0
4.4257425742574255e-06
1.4851485148514852e-06
0.01088808910891089
0.01088661386138614
0.26175933663366335
0.25087272277227723
0.25087272277227723
0.01088661386138614
0.01088660396039604
1.4752475247524752e-06
9.900990099009902e-09
9.900990099009902e-09
2.9405940594059405e-06
1.4752475247524752e-06
0.010844544554455446
0.010843069306930693
0.010843069306930693
1.4752475247524752e-06
1.4653465346534654e-06
0.010771762376237623
0.01077029702970297
0.01077029702970297
1.4653465346534654e-06
2.9405940594059405e-06
