12 1602 1
20 596 1
135 657 17
147 165 618
165 168 618
168 147 5
168 170 1
168 205 612
170 191 4
191 193 4
193 197 612
193 209 4
197 147 612
205 193 612
209 212 4
212 170 3
212 426 1
214 224 2
224 228 306
224 256 2
228 230 306
230 234 4947
230 251 306
234 247 4947
247 230 4947
251 252 306
252 224 306
256 214 1
256 279 1
257 264 1
264 268 2
264 278 1
268 274 2
274 264 2
278 1636 1
279 289 2
289 293 306
289 318 2
293 295 306
295 299 4947
295 313 306
299 309 4947
309 295 4947
313 314 306
314 289 306
318 257 1
318 279 1
319 1582 1
326 343 1
343 147 1
426 214 1
553 326 1
596 614 2
614 618 17
614 661 2
618 621 17
621 625 4641
621 648 17
625 644 4641
644 621 4641
648 135 17
657 614 17
661 596 1
661 662 1
662 679 1
679 683 1
679 742 1
683 726 1
726 733 1
733 738 1
738 679 1
742 746 1
746 768 1
768 772 16
768 853 1
772 781 16
781 785 16
781 808 16
785 804 16
804 781 16
808 837 16
837 844 16
844 849 16
849 768 16
853 857 1
857 877 2
877 881 17
877 947 2
881 883 17
883 887 4641
883 942 17
887 938 4641
938 883 4641
942 943 17
943 877 17
947 857 1
947 1100 1
1100 1169 1
1169 1173 288
1173 1175 288
1175 1179 4883
1175 1226 287
1179 1199 4882
1199 1203 19528
1199 1216 4882
1203 1212 19528
1212 1199 19528
1216 1222 4882
1222 1175 4882
1226 1227 287
1227 1169 287
1582 553 1
1602 1615 1
1615 1628 1
1628 319 1
1636 1659 1
1659 1663 288
1659 1679 1
1663 1675 288
1675 1659 288
1679 20 1
