0.0
0.0
1e-06
2e-06
1e-06
1e-06
0.0
0.0
0.0
0.0
0.0
1e-06
1e-06
0.0
1e-06
0.0
0.0
0.0
0.0
0.0
0.0
0.0
1e-06
0.0
1e-06
0.008535
0.008534
0.008534
0.008534
1e-06
1e-06
1e-06
1e-06
3.5e-05
3.4e-05
1e-06
0.0
1e-06
0.008534
0.008533
0.008533
1e-06
0.008535
0.008534
0.0
0.008534
0.29869
0.290156
0.290156
0.008534
1e-06
1e-06
1e-06
1e-06
0.0
0.0
0.0
0.0
0.0
0.0
0.0
0.0
0.0
0.0
1e-06
0.0
0.0
0.0
0.0
0.0
0.0
0.0
0.0
0.0
1e-06
5e-06
4e-06
4e-06
1e-06
6e-06
5e-06
0.000175
0.00017
0.00017
5e-06
5e-06
1e-06
0.008535
0.008534
0.008534
1e-06
5e-06
4e-06
4e-06
1e-06
1e-06
0.0
0.0
1e-06
1e-06
0.0
0.0
1e-06
2e-06
1e-06
6e-06
5e-06
5e-06
1e-06
1e-06
1e-06
1e-06
6e-06
5e-06
1e-05
5e-06
0.000175
0.00017
0.00017
5e-06
5e-06
5e-06
5e-06
1e-06
2e-06
2e-06
6.8e-05
6.7e-05
0.0
6.7e-05
6.6e-05
1e-06
1e-06
0.0
0.0
0.0
0.0
0.0
0.0
0.0
0.0
0.0
0.0
