0.0
0.0
9.615384615384615e-07
1.923076923076923e-06
9.615384615384615e-07
9.615384615384615e-07
0.0
0.0
0.0
0.0
0.0
9.615384615384615e-07
9.615384615384615e-07
0.0
9.615384615384615e-07
0.0
0.0
0.0
0.0
0.0
0.0
0.0
9.615384615384615e-07
0.0
9.615384615384615e-07
0.008579807692307692
0.008578846153846154
0.008578846153846154
0.008578846153846154
9.615384615384615e-07
9.615384615384615e-07
9.615384615384615e-07
9.615384615384615e-07
3.365384615384615e-05
3.269230769230769e-05
9.615384615384615e-07
0.0
9.615384615384615e-07
0.008578846153846154
0.008577884615384616
0.008577884615384616
9.615384615384615e-07
0.008579807692307692
0.008578846153846154
0.0
0.008578846153846154
0.3002596153846154
0.29168076923076924
0.29168076923076924
0.008578846153846154
9.615384615384615e-07
9.615384615384615e-07
9.615384615384615e-07
9.615384615384615e-07
0.0
0.0
0.0
0.0
0.0
0.0
0.0
0.0
0.0
0.0
9.615384615384615e-07
0.0
0.0
0.0
0.0
0.0
0.0
0.0
0.0
0.0
9.615384615384615e-07
4.807692307692308e-06
3.846153846153846e-06
3.846153846153846e-06
9.615384615384615e-07
5.769230769230769e-06
4.807692307692308e-06
0.00016826923076923076
0.00016346153846153846
0.00016346153846153846
4.807692307692308e-06
4.807692307692308e-06
9.615384615384615e-07
0.0071317307692307695
0.0071307692307692305
0.0071307692307692305
0.0
0.0
0.0
0.0
0.0
0.0
0.0
0.0
0.0
0.0
0.0
0.0
0.0
0.0
0.0
0.0
0.0
0.0
0.0
0.0
0.0
0.0
0.0
0.0
0.0
0.0
0.0
0.0
0.0
0.0
0.0
0.0
0.0
0.0
0.0
0.0
0.0
0.0
0.0
0.0
0.0
0.0
0.0
0.0
0.0
0.0
0.0
0.0
0.0
0.0
0.0
0.0
0.0
