0.0
0.0
9.090909090909091e-06
1.8181818181818182e-05
9.090909090909091e-06
9.090909090909091e-06
0.0
0.0
0.0
0.0
0.0
9.090909090909091e-06
9.090909090909091e-06
0.0
9.090909090909091e-06
0.0
0.0
0.0
0.0
0.0
0.0
0.0
9.090909090909091e-06
0.0
9.090909090909091e-06
0.008563636363636364
0.008554545454545455
0.008554545454545455
0.008554545454545455
9.090909090909091e-06
9.090909090909091e-06
9.090909090909091e-06
9.090909090909091e-06
0.0003181818181818182
0.0003090909090909091
9.090909090909091e-06
0.0
9.090909090909091e-06
0.008554545454545455
0.008545454545454545
0.008545454545454545
9.090909090909091e-06
0.008563636363636364
0.008554545454545455
0.0
0.008554545454545455
0.2994090909090909
0.2908545454545455
0.2908545454545455
0.008554545454545455
9.090909090909091e-06
9.090909090909091e-06
9.090909090909091e-06
9.090909090909091e-06
0.0
0.0
0.0
0.0
0.0
0.0
0.0
0.0
0.0
0.0
9.090909090909091e-06
0.0
0.0
0.0
0.0
0.0
0.0
0.0
0.0
0.0
9.090909090909091e-06
4.545454545454545e-05
3.6363636363636364e-05
3.6363636363636364e-05
9.090909090909091e-06
5.4545454545454546e-05
4.545454545454545e-05
0.001590909090909091
0.0015454545454545454
0.0015454545454545454
4.545454545454545e-05
4.545454545454545e-05
9.090909090909091e-06
0.006318181818181818
0.006309090909090909
0.006309090909090909
0.0
0.0
0.0
0.0
0.0
0.0
0.0
0.0
0.0
0.0
0.0
0.0
0.0
0.0
0.0
0.0
0.0
0.0
0.0
0.0
0.0
0.0
0.0
0.0
0.0
0.0
0.0
0.0
0.0
0.0
0.0
0.0
0.0
0.0
0.0
0.0
0.0
0.0
0.0
0.0
0.0
0.0
0.0
0.0
0.0
0.0
0.0
0.0
0.0
0.0
0.0
0.0
0.0
