0.0
0.0
3.5714285714285714e-06
7.142857142857143e-06
3.5714285714285714e-06
3.5714285714285714e-06
0.0
0.0
0.0
0.0
0.0
3.5714285714285714e-06
3.5714285714285714e-06
0.0
3.5714285714285714e-06
0.0
0.0
0.0
0.0
0.0
0.0
0.0
3.5714285714285714e-06
0.0
3.5714285714285714e-06
0.008653571428571429
0.00865
0.00865
0.00865
3.5714285714285714e-06
3.5714285714285714e-06
3.5714285714285714e-06
3.5714285714285714e-06
0.000125
0.00012142857142857143
3.5714285714285714e-06
0.0
3.5714285714285714e-06
0.00865
0.008646428571428572
0.008646428571428572
3.5714285714285714e-06
0.008653571428571429
0.00865
0.0
0.00865
0.30275
0.2941
0.2941
0.00865
3.5714285714285714e-06
3.5714285714285714e-06
3.5714285714285714e-06
3.5714285714285714e-06
0.0
0.0
0.0
0.0
0.0
0.0
0.0
0.0
0.0
0.0
3.5714285714285714e-06
0.0
0.0
0.0
0.0
0.0
0.0
0.0
0.0
0.0
3.5714285714285714e-06
1.785714285714286e-05
1.4285714285714285e-05
1.4285714285714285e-05
3.5714285714285714e-06
2.1428571428571428e-05
1.785714285714286e-05
0.000625
0.0006071428571428571
0.0006071428571428571
1.785714285714286e-05
1.785714285714286e-05
3.5714285714285714e-06
0.003867857142857143
0.003867857142857143
0.003867857142857143
0.0
0.0
0.0
0.0
0.0
0.0
0.0
0.0
0.0
0.0
0.0
0.0
0.0
0.0
0.0
0.0
0.0
0.0
0.0
0.0
0.0
0.0
0.0
0.0
0.0
0.0
0.0
0.0
0.0
0.0
0.0
0.0
0.0
0.0
0.0
0.0
0.0
0.0
0.0
0.0
0.0
0.0
0.0
0.0
0.0
0.0
0.0
0.0
0.0
0.0
0.0
0.0
0.0
