0.0
5e-07
5e-07
0.0
0.0
8.5e-06
0.003877
0.0
0.003877
0.003877
2e-06
0.0
2e-06
0.003876
0.003874
0.003874
2e-06
2e-06
1e-06
0.001938
0.001937
0.0347385
0.0328015
0.0328015
0.001937
0.001937
1e-06
5e-07
1.5e-06
1e-06
1e-06
5e-07
1e-06
0.001938
0.001937
0.0347385
0.0328015
0.0328015
0.001937
0.001937
1e-06
5e-07
5e-07
0.0
5e-07
5e-07
5e-07
0.0006905
0.0006905
0.00069
0.0
0.0
0.0
0.0
0.0
5e-07
1e-06
9.5e-06
8.5e-06
0.030873
0.0308645
0.0308645
8.5e-06
8.5e-06
1e-06
5e-07
1e-06
5e-07
0.0
5e-07
5e-07
5e-07
5e-07
5e-07
8.5e-06
8e-06
1.6e-05
8e-06
8e-06
8e-06
0.0
8e-06
8e-06
8e-06
5e-07
1e-06
9.5e-06
8.5e-06
0.030873
0.0308645
0.0308645
8.5e-06
8.5e-06
1e-06
0.0
0.0
5e-07
0.001929
0.0019285
0.034713
0.0327845
0.1639225
0.131138
0.131138
0.0327845
0.0327845
0.0019285
0.0019285
5e-07
9e-06
8.5e-06
2.55e-05
1.7e-05
8.5e-05
6.8e-05
6.8e-05
1.7e-05
1.7e-05
8.5e-06
8.5e-06
5e-07
0.0
0.0
0.0
0.0
0.0
0.0
0.0
0.0
0.0
0.0
0.0
0.0
0.0
0.0
0.0
0.0
0.0
0.0
0.0
0.0
0.0
0.0
0.0
0.0
0.0
0.0
0.0
0.0
5e-07
5e-07
0.0
5e-07
0.0
5e-07
0.0
5e-07
0.0019285
0.001928
0.001928
5e-07
