0.0
4.4444444444444444e-07
4.4444444444444444e-07
0.0
0.0
7.555555555555555e-06
0.003872888888888889
0.0
0.003872888888888889
0.003872888888888889
1.7777777777777777e-06
0.0
1.7777777777777777e-06
0.003872
0.0038702222222222224
0.0038702222222222224
1.7777777777777777e-06
1.7777777777777777e-06
8.888888888888889e-07
0.001936
0.0019351111111111112
0.03471866666666667
0.03278355555555556
0.03278355555555556
0.0019351111111111112
0.0019351111111111112
8.888888888888889e-07
4.4444444444444444e-07
1.3333333333333334e-06
8.888888888888889e-07
8.888888888888889e-07
4.4444444444444444e-07
8.888888888888889e-07
0.001936
0.0019351111111111112
0.03471866666666667
0.03278355555555556
0.03278355555555556
0.0019351111111111112
0.0019351111111111112
8.888888888888889e-07
4.4444444444444444e-07
4.4444444444444444e-07
0.0
4.4444444444444444e-07
4.4444444444444444e-07
4.4444444444444444e-07
0.0008862222222222223
0.0008862222222222223
0.0008862222222222223
0.0
0.0
0.0
0.0
0.0
4.4444444444444444e-07
8.888888888888889e-07
8.444444444444444e-06
7.555555555555555e-06
0.030856
0.030848444444444446
0.030848444444444446
7.555555555555555e-06
7.555555555555555e-06
8.888888888888889e-07
4.4444444444444444e-07
8.888888888888889e-07
4.4444444444444444e-07
0.0
4.4444444444444444e-07
4.4444444444444444e-07
4.4444444444444444e-07
4.4444444444444444e-07
4.4444444444444444e-07
7.555555555555555e-06
7.111111111111111e-06
1.4222222222222222e-05
7.111111111111111e-06
7.111111111111111e-06
7.111111111111111e-06
0.0
7.111111111111111e-06
7.111111111111111e-06
7.111111111111111e-06
4.4444444444444444e-07
8.888888888888889e-07
8.444444444444444e-06
7.555555555555555e-06
0.030856
0.030848444444444446
0.030848444444444446
7.555555555555555e-06
7.555555555555555e-06
8.888888888888889e-07
0.0
0.0
4.4444444444444444e-07
0.001928
0.0019275555555555556
0.034696
0.03276844444444445
0.16384222222222222
0.1310737777777778
0.1310737777777778
0.03276844444444445
0.03276844444444445
0.0019275555555555556
0.0019275555555555556
4.4444444444444444e-07
8e-06
7.555555555555555e-06
2.2666666666666668e-05
1.511111111111111e-05
7.555555555555556e-05
6.044444444444444e-05
6.044444444444444e-05
1.511111111111111e-05
1.511111111111111e-05
7.555555555555555e-06
7.555555555555555e-06
4.4444444444444444e-07
0.0
0.0
0.0
0.0
0.0
0.0
0.0
0.0
0.0
0.0
0.0
0.0
0.0
0.0
0.0
0.0
0.0
0.0
0.0
0.0
0.0
0.0
0.0
0.0
0.0
0.0
0.0
0.0
4.4444444444444444e-07
4.4444444444444444e-07
0.0
4.4444444444444444e-07
0.0
4.4444444444444444e-07
0.0
4.4444444444444444e-07
0.0019275555555555556
0.0019271111111111112
0.0019271111111111112
4.4444444444444444e-07
