6.802721088435375e-08
6.802721088435375e-08
0.0
6.802721088435375e-08
4.401360544217687e-05
4.394557823129252e-05
4.394557823129252e-05
6.802721088435375e-08
4.401360544217687e-05
4.394557823129252e-05
0.05897496598639456
0.05893102040816327
0.05893102040816327
4.394557823129252e-05
4.394557823129252e-05
6.802721088435375e-08
9.129251700680272e-05
9.122448979591836e-05
9.122448979591836e-05
6.802721088435375e-08
4.401360544217687e-05
4.394557823129252e-05
0.05897496598639456
0.05893102040816327
0.05893102040816327
4.394557823129252e-05
4.394557823129252e-05
6.802721088435375e-08
0.0
6.802721088435375e-08
6.802721088435375e-08
4.380952380952381e-05
4.380952380952381e-05
0.05873578231292517
0.05869204081632653
0.05864816326530612
0.05864816326530612
0.0
0.05864816326530612
0.05869197278911564
0.058648231292517006
0.058648231292517006
0.0
0.058648231292517006
0.05869197278911564
0.05869197278911564
4.3741496598639455e-05
4.3741496598639455e-05
0.0
0.0
0.0
0.0
0.0
0.0
0.0
0.0
0.0
0.0
0.0
0.0
0.0
0.0
0.0
0.0
0.0
