8.849557522123894e-09
8.849557522123894e-09
0.0
8.849557522123894e-09
1.64070796460177e-05
1.6398230088495577e-05
1.6398230088495577e-05
8.849557522123894e-09
1.64070796460177e-05
1.6398230088495577e-05
0.05886964601769912
0.05885324778761062
0.05885324778761062
1.6398230088495577e-05
1.6398230088495577e-05
8.849557522123894e-09
3.176991150442478e-05
3.1761061946902655e-05
3.1761061946902655e-05
8.849557522123894e-09
1.64070796460177e-05
1.6398230088495577e-05
0.05886964601769912
0.05885324778761062
0.05885324778761062
1.6398230088495577e-05
1.6398230088495577e-05
8.849557522123894e-09
0.0
8.849557522123894e-09
8.849557522123894e-09
1.6380530973451326e-05
1.6380530973451326e-05
0.05879713274336283
0.0587807610619469
0.05876438053097345
0.05876438053097345
0.0
0.05876438053097345
0.05878075221238938
0.05876438053097345
0.05876438053097345
0.0
0.05876438053097345
0.05878075221238938
0.05878075221238938
1.6371681415929202e-05
1.6371681415929202e-05
0.0
0.0
0.0
0.0
0.0
0.0
0.0
0.0
0.0
0.0
0.0
0.0
0.0
0.0
0.0
0.0
0.0
