9.009009009009008e-08
9.009009009009008e-08
0.0
9.009009009009008e-08
0.00012027027027027027
0.00012018018018018017
0.00012018018018018017
9.009009009009008e-08
0.00012027027027027027
0.00012018018018018017
0.05936900900900901
0.05924882882882883
0.05924882882882883
0.00012018018018018017
0.00012018018018018017
9.009009009009008e-08
4.4504504504504504e-05
4.441441441441441e-05
4.441441441441441e-05
9.009009009009008e-08
0.00012027027027027027
0.00012018018018018017
0.05936900900900901
0.05924882882882883
0.05924882882882883
0.00012018018018018017
0.00012018018018018017
9.009009009009008e-08
0.0
9.009009009009008e-08
9.009009009009008e-08
0.00011855855855855856
0.00011855855855855856
0.05856657657657657
0.05844810810810811
0.058329549549549546
0.058329549549549546
0.0
0.058329549549549546
0.05844810810810811
0.05832963963963964
0.058329549549549546
0.0
0.058329549549549546
0.058448018018018015
0.058448018018018015
0.00011846846846846846
0.00011846846846846846
0.0
0.0
0.0
0.0
0.0
0.0
0.0
0.0
0.0
0.0
0.0
0.0
0.0
0.0
0.0
0.0
0.0
