3.4482758620689656e-07
3.4482758620689656e-07
0.0
3.4482758620689656e-07
4.2413793103448274e-05
4.206896551724138e-05
4.206896551724138e-05
3.4482758620689656e-07
4.2413793103448274e-05
4.206896551724138e-05
0.05923310344827586
0.05919103448275862
0.05919103448275862
4.206896551724138e-05
4.206896551724138e-05
3.4482758620689656e-07
0.00048551724137931035
0.00048517241379310343
0.00048517241379310343
3.4482758620689656e-07
4.2413793103448274e-05
4.206896551724138e-05
0.05923310344827586
0.05919103448275862
0.05919103448275862
4.206896551724138e-05
4.206896551724138e-05
3.4482758620689656e-07
0.0
3.4482758620689656e-07
3.4482758620689656e-07
4.172413793103448e-05
4.172413793103448e-05
0.05848586206896552
0.05844448275862069
0.05840275862068966
0.05840275862068966
0.0
0.05840275862068966
0.05844448275862069
0.05840310344827586
0.05840310344827586
0.0
0.05840310344827586
0.058444137931034486
0.058444137931034486
4.1379310344827587e-05
4.1379310344827587e-05
0.0
0.0
0.0
0.0
0.0
0.0
0.0
0.0
0.0
0.0
0.0
0.0
0.0
0.0
0.0
0.0
0.0
