1 144 1
4 41 1
41 70 1
70 73 1
73 146 1
98 1680 1
109 1332 1
144 650 1
146 200 1
200 204 1
204 339 1
339 343 13
339 573 1
343 345 13
345 349 234
345 568 13
349 351 234
351 355 10998
351 563 234
355 402 10998
402 405 32994
402 522 10998
405 407 32994
407 410 98982
407 517 32994
410 412 98982
412 415 296946
412 512 98982
415 434 294840
415 507 2106
434 440 292734
434 507 2106
440 445 287313
440 507 5421
445 451 281892
445 507 5421
451 454 274664
451 507 7228
454 458 267436
454 507 7228
458 474 267436
474 478 10998
474 492 256438
478 497 10998
492 497 256438
497 506 267436
506 507 267436
507 508 296946
508 412 296946
512 513 98982
513 407 98982
517 518 32994
518 402 32994
522 559 10998
559 351 10998
563 564 234
564 345 234
568 569 13
569 339 13
573 586 1
586 597 1
597 612 1
612 98 1
648 1209 1
650 648 1
1207 1677 1
1209 1207 1
1332 1680 1
1421 1680 1
1426 1693 1
1483 1489 1
1489 1491 1
1491 1495 149
1495 1500 149
1500 1517 148
1500 1680 1
1503 1693 1
1517 1680 148
1550 1557 149
1557 1562 140
1557 1567 9
1562 1567 1
1562 1680 139
1567 1680 10
1576 1808 149
1630 1491 148
1675 1899 1
1677 1675 1
1680 109 1
1680 1421 1
1680 1426 1
1680 1483 1
1680 1503 1
1680 1550 149
1680 1576 149
1680 1630 148
1680 1680 447
1680 1693 297
1680 1808 1
1680 1902 297
1693 1711 447
1711 1713 447
1713 1717 4916106
1713 1740 447
1717 1736 4916106
1736 1713 4916106
1740 1807 447
1807 1680 299
1807 1693 148
1808 1827 150
1827 1831 1639327
1827 1896 149
1831 1858 1639327
1858 1862 39858763
1858 1885 1639326
1862 1881 39858763
1881 1858 39858763
1885 1892 1639326
1892 1827 1639326
1896 1680 149
1897 4 1
1899 1897 1
1902 1920 149
1902 1946 148
1920 1922 149
1922 1926 1638702
1922 1945 149
1926 1941 1638702
1941 1922 1638702
1945 1972 149
1946 1948 148
1948 1952 1627704
1948 1971 148
1952 1967 1627704
1967 1948 1627704
1971 1972 148
1972 1680 297
