6.369426751592357e-09
6.369426751592357e-09
6.369426751592357e-09
0.0
0.0
0.0
6.369426751592357e-09
6.369426751592357e-09
0.0
6.369426751592357e-09
0.0
0.0
6.369426751592357e-09
0.0
0.0
0.0
6.369426751592357e-09
6.369426751592357e-09
6.369426751592357e-09
0.0
0.0
6.369426751592357e-09
8.9171974522293e-08
8.280254777070064e-08
1.5732484076433122e-06
1.4904458598726114e-06
7.154140127388535e-05
7.005095541401274e-05
0.00028020382165605095
0.0002101528662420382
0.0008406114649681529
0.0006304585987261147
0.0025218343949044587
0.001891375796178344
0.0018779617834394904
0.001864547770700637
0.0018300191082802548
0.0017954904458598725
0.001749452229299363
0.0017034140127388535
0.0
0.0017034140127388535
7.005095541401274e-05
0.0016333630573248407
0.0017034140127388535
0.0017034140127388535
0.001891375796178344
0.001891375796178344
0.0006304585987261147
0.0006304585987261147
0.0002101528662420382
0.0002101528662420382
7.005095541401274e-05
7.005095541401274e-05
1.4904458598726114e-06
1.4904458598726114e-06
8.280254777070064e-08
8.280254777070064e-08
6.369426751592357e-09
0.0
6.369426751592357e-09
0.0
6.369426751592357e-09
0.0
6.369426751592357e-09
6.369426751592357e-09
6.369426751592357e-09
0.0
0.0
0.0
0.0
0.0
0.0
0.0
0.0
0.0
0.0
0.0
0.0
0.0
0.0
0.0
0.0
0.0
0.0
0.0
0.0
0.0
0.0
0.0
0.0
0.0
0.0
0.0
0.0
0.0
0.0
0.0
0.0
0.0
0.0
0.0
0.0
0.0
0.0
0.0
0.0
0.0
0.0
0.0
0.0
0.0
0.0
0.0
0.0
0.0
0.0
0.0
0.0
0.0
0.0
0.0
0.0
6.369426751592357e-09
6.369426751592357e-09
0.0
0.0
0.0
0.0
0.0
0.0
0.0
0.0
0.0
0.0
0.0
0.0
0.0
0.0
0.0
0.0
0.0
0.0
0.0
0.0
0.0
0.0
6.369426751592357e-09
0.0
6.369426751592357e-09
0.0
6.369426751592357e-09
6.369426751592357e-09
6.369426751592357e-09
9.490445859872611e-07
9.490445859872611e-07
9.490445859872611e-07
6.369426751592357e-09
9.426751592356688e-07
9.490445859872611e-07
9.490445859872611e-07
8.9171974522293e-07
6.369426751592356e-08
9.490445859872611e-07
9.426751592356688e-07
0.0
0.0
0.0
0.0
0.0
0.0
0.0
6.369426751592357e-09
6.369426751592357e-09
9.509554140127388e-06
2.8471337579617832e-06
2.8471337579617832e-06
0.031315624203821654
0.03131277707006369
0.03131277707006369
2.8471337579617832e-06
0.0
0.0
0.0
0.0
0.0
0.0
0.0
0.0
0.0
0.0
0.0
0.0
2.8471337579617832e-06
9.554140127388535e-07
0.01044252229299363
0.010441573248407643
0.2643190382165605
0.2538774713375796
0.2538774713375796
0.010441566878980891
0.010441566878980891
9.490445859872611e-07
6.369426751592357e-09
6.369426751592357e-09
1.89171974522293e-06
9.490445859872611e-07
0.010438541401273885
0.010437592356687899
0.010437592356687899
9.490445859872611e-07
9.426751592356688e-07
0.010368484076433121
0.010367541401273885
0.010367541401273885
9.426751592356688e-07
1.89171974522293e-06
