1 41 1
41 52 1
52 82 1
82 84 1
84 88 4
84 99 1
88 95 4
95 84 4
99 108 1
108 117 1
117 121 1
121 125 178918
125 133 4
125 169 178914
133 137 4
137 145 4
145 154 4
154 163 4
163 164 4
164 168 4
168 169 4
169 171 178918
171 175 1789160
171 213 178918
175 209 1789160
209 171 1789160
213 215 178918
215 219 1789158
215 304 178917
219 223 1789158
223 227 7156631
223 253 1789157
227 237 4018528
227 248 3138103
237 248 4018528
248 249 7156630
249 223 7156630
253 267 54
253 299 1789103
267 299 54
299 300 1789157
300 215 1789157
304 121 178917
